P_out, P_c, E_c, dE_dP, M, R, B_eff=210.0,Delta=180.0
-0.000601576310939397, 1.0, 609.9176046208167, 2.23694326823712,7.09200594899858e-05, 0.3150000000000002
-0.0008901179856571879, 1.1, 610.1413066709964, 2.23709771972429,0.00019863210574853319, 0.44400000000000034
-8.959519753687943e-05, 1.2000000000000002, 610.3650241616367, 2.23725207746112,0.00036137877133559667, 0.5420000000000004
-0.0010169319107918148, 1.3000000000000003, 610.5887570833668, 2.23740634154242,0.0005568654954970152, 0.6260000000000004
-0.0007470289620192497, 1.4000000000000004, 610.8125054268264, 2.23756051206285,0.0007753941553305466, 0.6990000000000005
-0.0005893461473803843, 1.5000000000000004, 611.0362691826639, 2.23771458911696,0.0010165737188930573, 0.7650000000000006
-0.001083030168860798, 1.6000000000000005, 611.2600483415374, 2.23786857279914,0.0012798458274706525, 0.8260000000000006
-0.00035772856709035935, 1.7000000000000006, 611.4838428941146, 2.23802246320366,0.0015584302536348757, 0.8820000000000007
-0.0005140002648052549, 1.8000000000000007, 611.707652831072, 2.23817626042466,0.0018568622441167719, 0.9350000000000007
-0.0005762376074159112, 1.9000000000000008, 611.9314781430965, 2.23832996455614,0.0021712851161202465, 0.9850000000000008
-0.0017377560970729328, 2.000000000000001, 612.1553188208834, 2.23848357569198,0.0025047902559611228, 1.032999999999997
-0.0011969932467231462, 2.100000000000001, 612.3791748551381, 2.23863709392590,0.0028470201039968936, 1.077999999999992
-0.000418419152661437, 2.200000000000001, 612.603046236575, 2.23879051935151,0.003201954436682642, 1.1209999999999873
-0.0012594734201241888, 2.300000000000001, 612.8269329559179, 2.23894385206230,0.0035760199848668462, 1.1629999999999827
-0.0009892998021224664, 2.4000000000000012, 613.0508350039001, 2.23909709215159,0.0039584139041137206, 1.2029999999999783
-0.0016658707271130805, 2.5000000000000013, 613.274752371264, 2.23925023971260,0.004356640326772395, 1.241999999999974
-0.0004143932542606084, 2.6000000000000014, 613.4986850487614, 2.23940329483841,0.004758422276282853, 1.27899999999997
-0.0021934490607176866, 2.7000000000000015, 613.7226330271535, 2.23955625762196,0.005184185235131174, 1.3159999999999659
-0.001431329845882585, 2.8000000000000016, 613.9465962972108, 2.23970912815608,0.00560974090919733, 1.350999999999962
-0.0005463158409433756, 2.9000000000000017, 614.1705748497129, 2.23986190653344,0.006044913432458245, 1.3849999999999583
-0.0022576746279435174, 3.0000000000000018, 614.3945686754487, 2.24001459284661,0.006502037157673009, 1.4189999999999545
-0.000566068089630081, 3.100000000000002, 614.6185777652164, 2.24016718718801,0.006952952092408976, 1.450999999999951
-0.0011990581268578296, 3.200000000000002, 614.8426021098237, 2.24031968964993,0.007424255996567228, 1.4829999999999475
-0.0010252715700918788, 3.300000000000002, 615.0666417000868, 2.24047210032455,0.00790078690566089, 1.513999999999944
-0.0030505709166181037, 3.400000000000002, 615.2906965268321, 2.24062441930390,0.00839729245328306, 1.5449999999999406
-0.0007455072981395381, 3.500000000000002, 615.5147665808943, 2.24077664667989,0.008880414765859478, 1.5739999999999374
-0.0003893516245962018, 3.6000000000000023, 615.7388518531176, 2.24092878254429,0.009381731056087469, 1.6029999999999343
-0.0019863218549601262, 3.7000000000000024, 615.9629523343558, 2.24108082698877,0.00990157595697804, 1.631999999999931
-0.0020874938534726634, 3.8000000000000025, 616.1870680154711, 2.24123278010483,0.010421518075176684, 1.659999999999928
-0.0005143374902536591, 3.9000000000000026, 616.4111988873354, 2.24138464198387,0.010939977194062747, 1.686999999999925
-0.0006616537534904293, 4.000000000000003, 616.6353449408297, 2.24153641271717,0.011475361998013819, 1.713999999999922
-0.002533157596939671, 4.100000000000003, 616.8595061668436, 2.24168809239585,0.012027942688320527, 1.740999999999919
-0.0024458320409889694, 4.200000000000003, 617.0836825562767, 2.24183968111092,0.012576727132114666, 1.7669999999999162
-0.00023172676317723064, 4.3000000000000025, 617.3078741000369, 2.24199117895328,0.013120094975283936, 1.7919999999999134
-0.003320188963714353, 4.400000000000003, 617.5320807890414, 2.24214258601367,0.01370138463121725, 1.8179999999999106
-0.00032353220696517733, 4.5000000000000036, 617.7563026142166, 2.24229390238273,0.014253364085293053, 1.841999999999908
-0.0026342645175758406, 4.600000000000003, 617.9805395664978, 2.24244512815096,0.014843694796433831, 1.8669999999999052
-0.0024994168219783105, 4.700000000000003, 618.2047916368298, 2.24259626340873,0.015425758777590963, 1.8909999999999025
-0.003772485058150214, 4.800000000000003, 618.4290588161655, 2.24274730824630,0.016022851096198325, 1.9149999999999
-0.002392107927449124, 4.900000000000004, 618.653341095468, 2.24289826275378,0.016609586409653196, 1.9379999999998974
-0.002320557259995105, 5.0, 618.8776384657083, 2.24304912702118,0.017210482274359878, 1.9609999999998948
-0.00027664815114034454, 6.0, 621.1214401898444, 2.24455282620079,0.023516120814376224, 2.1749999999998715
-0.004094328190821486, 7.0, 623.3667411428119, 2.24604759944544,0.03035305822090292, 2.3669999999998503
-0.002510538094455247, 8.0, 625.6135324427569, 2.24753353471414,0.03756051950732563, 2.5399999999998313
-0.0027088706670309786, 9.0, 627.8618052951782, 2.24901071875716,0.04512923145476563, 2.6989999999998138
-0.002064241047949849, 10.0, 630.1115509917299, 2.25047923713731,0.05298725652279815, 2.8459999999997976
-0.0015339380834642586, 11.0, 632.3627609090433, 2.25193917425079,0.06110006606190306, 2.9829999999997825
-0.005303032520194282, 12.0, 634.6154265075717, 2.25339061334751,0.06947195941224256, 3.1119999999997683
-0.006099632616652023, 13.0, 636.8695393304529, 2.25483363655109,0.07800410597292463, 3.232999999999755
-0.004391128588133984, 14.0, 639.1250910023938, 2.25626832487832,0.08667170123036695, 3.3469999999997424
-0.0020702413890590055, 15.0, 641.3820732285724, 2.25769475825830,0.09546905638291253, 3.4549999999997305
-0.0023553944792226835, 16.0, 643.6404777935597, 2.25911301555113,0.10440948664177846, 3.557999999999719
-0.001340250353143393, 17.0, 645.9002965602601, 2.26052317456624,0.11343406251901249, 3.6559999999997084
-0.003835470799374339, 18.0, 648.1615214688698, 2.26192531208028,0.12257898846142236, 3.749999999999698
-0.006892072905605753, 19.0, 650.424144535852, 2.26331950385473,0.13179853184107124, 3.839999999999688
-0.00760442845296395, 20.0, 652.6881578529315, 2.26470582465304,0.1410466051973999, 3.9259999999996786
-0.0031162960622668308, 21.0, 654.9535535861041, 2.26608434825752,0.15027706385440592, 4.007999999999673
-0.00029018042799950597, 22.0, 657.2203239746649, 2.26745514748580,0.15955764746593443, 4.0869999999996995
-0.007015682229967694, 23.0, 659.4884613302504, 2.26881829420699,0.16897355251072194, 4.163999999999725
-0.0017031540841187034, 24.0, 661.7579580358988, 2.27017385935753,0.17826021944526774, 4.23699999999975
-0.0024340804195422073, 25.0, 664.028806545125, 2.27152191295666,0.18762500935241933, 4.307999999999773
-0.007951417689172237, 26.0, 666.3009993810106, 2.27286252412163,0.1970476354976216, 4.376999999999796
-0.006152324695182705, 27.0, 668.57452913531, 2.27419576108260,0.20637332250644802, 4.442999999999818
-0.006189863046619242, 28.0, 670.84938846757, 2.27552169119719,0.21570814582958162, 4.50699999999984
-0.006833714621793622, 29.0, 673.1255701042647, 2.27684038096480,0.2250318702835772, 4.5689999999998605
-0.0068620867942976406, 30.0, 675.4030668379448, 2.27815189604061,0.23432434216493372, 4.6289999999998805
-0.005062584444080825, 31.0, 677.6818715263993, 2.27945630124930,0.24356554156991073, 4.6869999999999
-0.00023333606265460205, 32.0, 679.9619770918325, 2.28075366059853,0.2527356318818165, 4.742999999999919
-0.003326495865977438, 33.0, 682.2433765200533, 2.28204403729211,0.2619716613964131, 4.797999999999937
-0.0014348937410763444, 34.0, 684.5260628596778, 2.28332749374297,0.2711045460009382, 4.850999999999955
-0.005937193835301543, 35.0, 686.8100292213451, 2.28460409158576,0.28027858111042736, 4.902999999999972
-0.003513188031119404, 36.0, 689.0952687769447, 2.28587389168940,0.2893178945364215, 4.952999999999989
-0.005963881532937807, 37.0, 691.3817747588574, 2.28713695416914,0.2983738869433221, 5.002000000000005
-0.012734150465866477, 38.0, 693.6695404592076, 2.28839333839863,0.3074377710185201, 5.050000000000021
-0.009915203726603103, 39.0, 695.9585592291271, 2.28964310302156,0.31632400099279534, 5.0960000000000365
-0.009918851331375936, 40.0, 698.2488244780316, 2.29088630596321,0.32519426571261384, 5.1410000000000515
-0.012196434154195447, 41.0, 700.5403296729069, 2.29212300444168,0.33403998269907065, 5.185000000000066
-0.002274536684426051, 42.0, 702.8330683376088, 2.29335325497899,0.34266664102946104, 5.22700000000008
-0.007271054369612817, 43.0, 705.127034052171, 2.29457711341192,0.3514347358459958, 5.269000000000094
-0.012905837532362229, 44.0, 707.4222204521259, 2.29579463490265,0.36015293416411787, 5.310000000000108
-0.0041540144613207725, 45.0, 709.7186212278355, 2.29700587394920,0.36861815964348, 5.349000000000121
-0.009258297899287603, 46.0, 712.0162301238315, 2.29821088439566,0.37720886017997457, 5.388000000000134
-0.013383584429218047, 47.0, 714.3150409381672, 2.29940971944230,0.38572504346363423, 5.426000000000147
-0.0009728015686759848, 48.0, 716.6150475217785, 2.30060243165537,0.39395560733983587, 5.462000000000159
-0.0013633038957920412, 49.0, 718.9162437778543, 2.30178907297682,0.4022961119044347, 5.498000000000171
-0.014558854004398417, 50.0, 721.2186236612174, 2.30296969473379,0.41074682108834765, 5.534000000000183
-0.009457864984320863, 51.0, 723.5221811777142, 2.30414434764792,0.41888585764526126, 5.568000000000194
-0.0007396498642813052, 52.0, 725.826910383614, 2.30531308184454,0.42691145295924504, 5.601000000000205
-0.003779894010535466, 53.0, 728.1328053850165, 2.30647594686162,0.43503221630409217, 5.634000000000216
-0.00251137552132007, 54.0, 730.4398603372701, 2.30763299165860,0.4430297571658735, 5.666000000000227
-0.012652175260447597, 55.0, 732.7480694443965, 2.30878426462505,0.45111772872190836, 5.6980000000002375
-0.001393838859131856, 56.0, 735.0574269585256, 2.30992981358916,0.4588494890023906, 5.728000000000248
-0.0008602114676303902, 57.0, 737.3679271793385, 2.31106968582611,0.46666221464263213, 5.758000000000258
-0.01104243274982294, 58.0, 739.6795644535182, 2.31220392806624,0.4745559540674674, 5.788000000000268
-0.015035013440449442, 59.0, 741.9923331742091, 2.31333258650310,0.4823004242954443, 5.817000000000277
-0.012335429576599014, 60.0, 744.306227780484, 2.31445570680137,0.48988878184689355, 5.845000000000287
-0.0024462611844577424, 61.0, 746.6212427568191, 2.31557333410458,0.4973143526442357, 5.872000000000296
-0.002251308088198194, 62.0, 748.9373726325771, 2.31668551304280,0.5048074414697963, 5.899000000000305
-0.011738040966035151, 63.0, 751.2546119814966, 2.31779228774005,0.5123680247279588, 5.926000000000314
-0.013195817980830036, 64.0, 753.5729554211907, 2.31889370182170,0.5197549391434568, 5.952000000000322
-0.006136691180234376, 65.0, 755.8923976126515, 2.31998979842167,0.5269618406875599, 5.977000000000331
-0.008084108895858554, 66.0, 758.2129332597622, 2.32108062018954,0.5342277111324022, 6.002000000000339
-0.0008602822631413626, 67.0, 760.5345571088159, 2.32216620929752,0.5413053155100062, 6.026000000000347
-0.0023019097406339686, 68.0, 762.8572639480428, 2.32324660744727,0.5484377588089276, 6.050000000000355
-0.012392522278407573, 69.0, 765.181048607142, 2.32432185587668,0.555624970395202, 6.074000000000363
-0.012493695523035933, 70.0, 767.5059059568214, 2.32539199536644,0.562613849132092, 6.097000000000371
-0.0021330741913711724, 71.0, 769.8318309083434, 2.32645706624652,0.5693985998113593, 6.119000000000378
-0.01868393016886355, 72.0, 772.1588184130778, 2.32751710840263,0.576486959401244, 6.142000000000386
-0.005366348294851067, 73.0, 774.4868634620613, 2.32857216128241,0.5831087372465356, 6.163000000000393
-0.018923591176828698, 74.0, 776.8159610855607, 2.32962226390165,0.5900339448835159, 6.1850000000004
-0.0016858069517616246, 75.0, 779.1461063526457, 2.33066745485032,0.5964815638232746, 6.205000000000407
-0.011286316255193404, 76.0, 781.4772943707658, 2.33170777229853,0.6032324222793182, 6.226000000000414
-0.008831834226018615, 77.0, 783.8095202853326, 2.33274325400241,0.6097605671024907, 6.2460000000004205
-0.013668213952103193, 78.0, 786.1427792793095, 2.33377393730985,0.6163279753603452, 6.266000000000427
-0.005831815886578714, 79.0, 788.4770665728063, 2.33479985916612,0.6226656715601898, 6.285000000000434
-0.004959633608931169, 80.0, 790.8123774226785, 2.33582105611952,0.6290391013416391, 6.30400000000044
-0.011032954773498287, 81.0, 793.148707122134, 2.33683756432676,0.6354481595252903, 6.323000000000446
-0.0036622711170669455, 82.0, 795.4860510003443, 2.33784941955837,0.6416190532567131, 6.341000000000452
-0.002914904948002398, 83.0, 797.8244044220598, 2.33885665720402,0.6478221831653898, 6.359000000000458
-0.008771158217306363, 84.0, 800.1637627872325, 2.33985931227766,0.6540574452072501, 6.377000000000464
-0.0004235512930958708, 85.0, 802.5041215306429, 2.34085741942268,0.6600464477368909, 6.39400000000047
-0.019287028905283832, 86.0, 804.8454761215316, 2.34185101291691,0.6663441034464983, 6.412000000000476
-0.00256708962899946, 87.0, 807.1878220632361, 2.34284012667758,0.6721110025348569, 6.428000000000481
-0.013018352767154325, 88.0, 809.5311548928333, 2.34382479426616,0.678186346214022, 6.445000000000487
-0.008360882644503704, 89.0, 811.8754701807852, 2.34480504889318,0.6840061202065147, 6.461000000000492
-0.00963729824480782, 90.0, 814.2207635305911, 2.34578092342291,0.6898514738709092, 6.477000000000498
-0.01682754591407062, 91.0, 816.5670305784432, 2.34675245037797,0.695722305301219, 6.493000000000503
-0.008174828931472127, 92.0, 818.9142669928876, 2.34771966194392,0.7013302233966562, 6.508000000000508
-0.00512901529746751, 93.0, 821.2624684744893, 2.34868258997374,0.7069606776852693, 6.523000000000513
-0.007670554086727152, 94.0, 823.6116307555017, 2.34964126599218,0.7126135705689808, 6.538000000000518
-0.015779464541471944, 95.0, 825.9617495995403, 2.35059572120017,0.7182888032281743, 6.553000000000523
-0.007172613901702003, 96.0, 828.3128208012624, 2.35154598647902,0.7236927369127222, 6.567000000000528
-0.003831731089123316, 97.0, 830.6648401860475, 2.35249209239467,0.7291162322553698, 6.581000000000532
-0.005738150167204568, 98.0, 833.0178036096856, 2.35343406920176,0.7345591936715324, 6.595000000000537
-0.012871661369644894, 99.0, 835.3717069580673, 2.35437194684777,0.7400215295376801, 6.609000000000542
-0.0024340635699725208, 100.0, 837.7265461468788, 2.35530575497694,0.7452046636742352, 6.622000000000546
-0.01983450459842459, 101.0, 840.0823171213005, 2.35623552293427,0.7507042171291749, 6.636000000000551
-0.019369532714182274, 102.0, 842.4390158557098, 2.35716127976935,0.7559219597984487, 6.649000000000555
-0.0006402900096796698, 103.0, 844.7966383533877, 2.35808305424019,0.7608542756775459, 6.661000000000559
-0.009818287972467424, 104.0, 847.1551806462287, 2.35900087481697,0.7661039243078236, 6.6740000000005635
-0.00044282119935430925, 105.0, 849.5146387944555, 2.35991476968573,0.7710657035613552, 6.6860000000005675
-0.019187480895859647, 106.0, 851.8750088863358, 2.36082476675203,0.7763469152968613, 6.699000000000572
-0.019092139316079355, 107.0, 854.2362870379045, 2.36173089364447,0.7813378198455033, 6.711000000000576
-0.023546254518942523, 108.0, 856.5984693926882, 2.36263317771829,0.7863426169230245, 6.72300000000058
-0.008629891031593905, 109.0, 858.961552121433, 2.36353164605876,0.7910525705419744, 6.7340000000005835
-0.022004633178904005, 110.0, 861.3255314218371, 2.36442632548468,0.7960838216674455, 6.7460000000005875
-0.01572839596366147, 111.0, 863.6904035182856, 2.36531724255165,0.8008179644791755, 6.757000000000591
-0.01368466702057726, 112.0, 866.0561646615889, 2.36620442355547,0.805563580166443, 6.768000000000595
-0.01585571765410053, 113.0, 868.4228111287247, 2.36708789453532,0.8103205947650866, 6.7790000000005985
-0.022223155781217738, 114.0, 870.7903392225828, 2.36796768127703,0.8150889363279573, 6.790000000000602
-0.008145722075469616, 115.0, 873.158745271714, 2.36884380931621,0.8195537982731154, 6.800000000000606
-0.022733114131485637, 116.0, 875.52802563008, 2.36971630394137,0.8243435690124175, 6.811000000000609
-0.016603556778450292, 117.0, 877.8981766768095, 2.37058519019700,0.8288277768916537, 6.821000000000613
-0.01436294622855402, 118.0, 880.2691948159547, 2.37145049288657,0.8333210906324928, 6.831000000000616
-0.015994155007177706, 119.0, 882.6410764762518, 2.37231223657549,0.837823445389363, 6.841000000000619
-0.02147991034987429, 120.0, 885.0138181108848, 2.37317044559409,0.8423347761159309, 6.851000000000623
-0.005478374232013378, 121.0, 887.3874161972517, 2.37402514404045,0.8465347029273277, 6.860000000000626
-0.018506357708264594, 122.0, 889.7618672367337, 2.37487635578329,0.8510628692491423, 6.870000000000629
-0.009782761201781945, 123.0, 892.1371677544671, 2.37572410446472,0.8552777335769933, 6.879000000000632
-0.00461618818437111, 124.0, 894.5133142991178, 2.37656841350305,0.8594995534802903, 6.888000000000635
-0.0029905212524536295, 125.0, 896.8903034426603, 2.37740930609547,0.863728272819222, 6.897000000000638
-0.004889554845553472, 126.0, 899.2681317801555, 2.37824680522073,0.8679638352451639, 6.906000000000641
-0.010296937607392002, 127.0, 901.646795929536, 2.37908093364179,0.8722061845399817, 6.915000000000644
-0.019196207990879288, 128.0, 904.02629253139, 2.37991171390844,0.8764552644295799, 6.924000000000647
-0.005340357781131675, 129.0, 906.40661824875, 2.38073916835979,0.8803839458479077, 6.93200000000065
-0.021063102639375452, 130.0, 908.7877697668837, 2.38156331912687,0.8846454872542723, 6.941000000000653
-0.013776659314838673, 131.0, 911.1697437930865, 2.38238418813508,0.8885849251478024, 6.949000000000655
-0.009696413519344492, 132.0, 913.5525370564771, 2.38320179710662,0.8925292850858146, 6.957000000000658
-0.008807219049349814, 133.0, 915.9361463077969, 2.38401616756297,0.8964785199814237, 6.965000000000661
-0.011093848436314967, 134.0, 918.320568319208, 2.38482732082719,0.9004325827816919, 6.973000000000663
-0.01654099436805659, 135.0, 920.7057998840983, 2.38563527802631,0.904391426470654, 6.981000000000666
-0.025133270934081384, 136.0, 923.0918378168855, 2.38644006009365,0.9083550040715761, 6.989000000000669
-0.009750518223757531, 137.0, 925.4786789528245, 2.38724168777107,0.9119901352103259, 6.996000000000671
-0.024479976709347363, 138.0, 927.8663201478172, 2.38804018161123,0.9159622960736521, 7.004000000000674
-0.014990229825448346, 139.0, 930.254758278225, 2.38883556197979,0.9196044962234486, 7.011000000000676
-0.008372041661106965, 140.0, 932.6439902406819, 2.38962784905761,0.92324983125232, 7.018000000000678
-0.004611450487983707, 141.0, 935.0340129519114, 2.39041706284289,0.9268982632375858, 7.025000000000681
-0.0036944579165484534, 142.0, 937.4248233485448, 2.39120322315330,0.9305497542338075, 7.032000000000683
-0.0056070327221270965, 143.0, 939.8164183869415, 2.39198634962806,0.9342042662510466, 7.039000000000685
-0.010334982815181866, 144.0, 942.2087950430118, 2.39276646172999,0.9378617621347499, 7.046000000000688
-0.017864180011615827, 145.0, 944.6019503120419, 2.39354357874756,0.9415222040593972, 7.05300000000069
-0.00012690064173600385, 146.0, 946.9958812085194, 2.39431771979691,0.944846383140717, 7.059000000000692
-0.013113367619985038, 147.0, 949.3905847659635, 2.39508890382377,0.9485119481759564, 7.066000000000694
-0.0005995008451224041, 148.0, 951.7860580367537, 2.39585714960547,0.9518399287730483, 7.072000000000696
-0.01898829915957393, 149.0, 954.1822980919648, 2.39662247575280,0.9555104795370979, 7.079000000000699
-0.01164512902209832, 150.0, 956.5793020211985, 2.39738490071195,0.9588421347721143, 7.085000000000701
-0.006816575271896221, 151.0, 958.9770669324221, 2.39814444276638,0.9621752875814712, 7.091000000000703
-0.00448990863457719, 152.0, 961.3755899518056, 2.39890112003860,0.9655099092397633, 7.097000000000705
-0.004652378024521919, 153.0, 963.7748682235615, 2.39965495049208,0.9688459710945677, 7.103000000000707
-0.007291204045086545, 154.0, 966.1748989097873, 2.40040595193294,0.9721834446219171, 7.109000000000709
-0.012393795150556865, 155.0, 968.5756791903085, 2.40115414201181,0.9755222997933827, 7.115000000000711
-0.019946896417738284, 156.0, 970.9772062625243, 2.40189953822550,0.9788625115224207, 7.121000000000713
-0.0007723519123412047, 157.0, 973.3794773412544, 2.40264215791876,0.9818584124729283, 7.126000000000714
-0.013090231035633063, 158.0, 975.782489658588, 2.40338201828596,0.985200684736413, 7.132000000000716
-0.02782103288860686, 159.0, 978.1862404637345, 2.40411913637277,0.9885442283903088, 7.138000000000718
-0.015492418239079583, 160.0, 980.5907270228746, 2.40485352907780,0.9915417468665603, 7.14300000000072
-0.005356369169086315, 161.0, 982.9959466190154, 2.40558521315423,0.99453942488112, 7.148000000000722
-0.02705643313536994, 162.0, 985.4018965518449, 2.40631420521142,0.9978855087058859, 7.154000000000724
-0.02136862798986244, 163.0, 987.8085741375892, 2.40704052171648,1.0008839398470388, 7.1590000000007254
-0.017838908385645204, 164.0, 990.2159767088708, 2.40776417899587,1.003882468018007, 7.164000000000727
-0.016456132650081265, 165.0, 992.6241016145697, 2.40848519323689,1.0068810717724408, 7.169000000000729
-0.01720856926093325, 166.0, 995.0329462196833, 2.40920358048923,1.0098797346056585, 7.1740000000007305
-0.02008517177694943, 167.0, 997.4425079051912, 2.40991935666646,1.0128784344132684, 7.179000000000732
-0.02507417019398382, 168.0, 999.852784067919, 2.41063253754753,1.015877155227073, 7.184000000000734
-0.0018413462270619884, 169.0, 1002.2637721204042, 2.41134313877821,1.0185241965449845, 7.188000000000735
-0.010928523324650262, 170.0, 1004.6754694907646, 2.41205117587254,1.021522416353765, 7.193000000000737
-0.02209488223919448, 171.0, 1007.0878736225666, 2.41275666421424,1.0245205988479529, 7.1980000000007385
-0.004724795960823076, 172.0, 1009.5009819746953, 2.41345961905815,1.0271656811401018, 7.20200000000074
-0.019923607348941753, 173.0, 1011.9147920212274, 2.41416005553156,1.030163261154928, 7.2070000000007415
-0.006378341788823634, 174.0, 1014.3293012513034, 2.41485798863564,1.0328068247964757, 7.211000000000743
-0.025566287383621038, 175.0, 1016.7445071690024, 2.41555343324673,1.0358037360223888, 7.2160000000007445
-0.015804734465312244, 176.0, 1019.1604072932182, 2.41624640411771,1.0384457224921328, 7.220000000000746
-0.007873209107204671, 177.0, 1021.576999157536, 2.41693691587930,1.0410867000504016, 7.224000000000747
-0.0017620750398875322, 178.0, 1023.9942803101117, 2.41762498304137,1.0437266552541715, 7.2280000000007485
-0.028709726994319555, 179.0, 1026.4122483135502, 2.41831061999421,1.0467215761302502, 7.23300000000075
-0.02630070826050702, 180.0, 1028.8309007447888, 2.41899384100978,1.049359848365801, 7.2370000000007515
-0.02568219433296101, 181.0, 1031.250235194977, 2.41967466024299,1.0519970612993335, 7.241000000000753
-0.026844247149244316, 182.0, 1033.6702492693616, 2.42035309173290,1.054633204999623, 7.245000000000754
-0.029777426779170547, 183.0, 1036.0909405871712, 2.42102914940398,1.0572682648933067, 7.2490000000007555
-0.002774891835521625, 184.0, 1038.5123067815016, 2.42170284706725,1.0595442670149042, 7.2520000000007565
-0.009132428765937211, 185.0, 1040.9343454992038, 2.42237419842150,1.0621767422375532, 7.256000000000758
-0.017232161884702585, 186.0, 1043.357054400772, 2.42304321705448,1.0648081037826944, 7.260000000000759
-0.027064363810551956, 187.0, 1045.7804311602329, 2.42370991644400,1.067438340617909, 7.2640000000007605
-0.006569434505972493, 188.0, 1048.2044734650365, 2.42437430995913,1.0697080004738748, 7.2670000000007615
-0.01975108847972969, 189.0, 1050.629179015948, 2.42503641086127,1.0723355768376184, 7.271000000000763
-0.002411723718947387, 190.0, 1053.0545455269407, 2.42569623230532,1.0746018578486216, 7.274000000000764
-0.018906008673546665, 191.0, 1055.4805707250903, 2.42635378734073,1.0772267388484649, 7.278000000000765
-0.004687166078767667, 192.0, 1057.9072523504688, 2.42700908891259,1.0794896156159013, 7.281000000000766
-0.024457384859335247, 193.0, 1060.3345881560426, 2.42766214986273,1.082111766877574, 7.2850000000007675
-0.013324349756629637, 194.0, 1062.7625759075681, 2.42831298293075,1.084371212460441, 7.2880000000007685
-0.003677973349272809, 195.0, 1065.1912133834908, 2.42896160075508,1.0866287775458139, 7.2910000000007695
-0.02825204049836034, 196.0, 1067.6204983748441, 2.42960801587400,1.0892465889347613, 7.295000000000771
-0.021639994475570815, 197.0, 1070.050428685151, 2.43025224072665,1.0915006863652137, 7.298000000000772
-0.016489614722002742, 198.0, 1072.4810021303235, 2.43089428765407,1.0937528881425833, 7.301000000000773
-0.012792749883496693, 199.0, 1074.9122165385666, 2.43153416890014,1.0960031899569975, 7.304000000000774
-0.010541268793036986, 200.0, 1077.3440697502804, 2.43217189661260,1.0982515875444456, 7.307000000000775
-0.009727058764332684, 201.0, 1079.7765596179656, 2.43280748284404,1.1004980766965196, 7.310000000000776
-0.010342026028218177, 202.0, 1082.2096840061286, 2.43344093955277,1.1027426532626847, 7.313000000000777
-0.012378095808968755, 203.0, 1084.6434407911863, 2.43407227860387,1.1049853131496916, 7.316000000000778
-0.015827212300080898, 204.0, 1087.0778278613757, 2.43470151177005,1.1072260523200994, 7.319000000000779
-0.02068133892147039, 205.0, 1089.5128431166595, 2.43532865073259,1.1094648667931326, 7.32200000000078
-0.026932458447077083, 206.0, 1091.9484844686376, 2.43595370708227,1.1117017526445774, 7.325000000000781
-0.0009130554679171537, 207.0, 1094.3847498404546, 2.43657669232025,1.1135712987393604, 7.3270000000007816
-0.00985341509504642, 208.0, 1096.8216371667127, 2.43719761785898,1.1158040287567945, 7.330000000000783
-0.020167278724223043, 209.0, 1099.259144393382, 2.43781649502304,1.1180348204503676, 7.333000000000784
-0.03184670804851502, 210.0, 1101.697269477714, 2.43843333505004,1.1202636701119155, 7.336000000000785
-0.010900347173502474, 211.0, 1104.1360103881543, 2.43904814909147,1.1221240824875405, 7.338000000000785
-0.025208161834893147, 212.0, 1106.575365104258, 2.43966094821356,1.1243487568324921, 7.341000000000786
-0.006713653569240381, 213.0, 1109.0153316166034, 2.44027174339806,1.1262044833458897, 7.343000000000787
-0.02362010346787226, 214.0, 1111.4559079267087, 2.44088054554316,1.1284249748651232, 7.346000000000788
-0.007549435126999647, 215.0, 1113.8970920469492, 2.44148736546420,1.1302760146239232, 7.348000000000789
-0.02702492377263263, 216.0, 1116.3388820004743, 2.44209221389458,1.1324923163514489, 7.35100000000079
-0.013350238849795925, 217.0, 1118.7812758211264, 2.44269510148648,1.1343386689827948, 7.35300000000079
-0.0008230410706059704, 218.0, 1121.2242715533594, 2.44329603881169,1.136182569392721, 7.355000000000791
-0.024058969333260103, 219.0, 1123.667867252159, 2.44389503636237,1.1383924395402916, 7.358000000000792
-0.013886707196397745, 220.0, 1126.1120609829645, 2.44449210455181,1.1402316541741528, 7.360000000000793
-0.004842096204009065, 221.0, 1128.5568508215883, 2.44508725371524,1.142068419675495, 7.362000000000793
-0.03177413651993393, 222.0, 1131.0022348541397, 2.44568049411051,1.1442718491450679, 7.365000000000794
-0.025043807130025533, 223.0, 1133.448211176948, 2.44627183591890,1.1461039308462095, 7.367000000000795
-0.019421491740975703, 224.0, 1135.8947778964846, 2.44686128924580,1.1479335667848505, 7.369000000000796
-0.01490081665859487, 225.0, 1138.3419331292898, 2.44744886412147,1.1497607586237548, 7.371000000000796
-0.011475430533077095, 226.0, 1140.7896750018965, 2.44803457050174,1.1515855080518786, 7.373000000000797
-0.009139001056258516, 227.0, 1143.2380016507564, 2.44861841826873,1.1534078168345316, 7.375000000000798
-0.007885246014119489, 228.0, 1145.6869112221668, 2.44920041723154,1.1552276863456608, 7.377000000000798
-0.007707837462416843, 229.0, 1148.136401872198, 2.44978057712694,1.157045119000091, 7.379000000000799
-0.008600535780781057, 230.0, 1150.5864717666207, 2.45035890762007,1.1588601162569778, 7.3810000000008
-0.010557101197524834, 231.0, 1153.037119080836, 2.45093541830510,1.160672679932024, 7.3830000000008
-0.013571316169281292, 232.0, 1155.4883419998037, 2.45151011870592,1.162482811865108, 7.385000000000801
-0.01763698560585215, 233.0, 1157.9401387179719, 2.45208301827676,1.164290513921802, 7.387000000000802
-0.022747936540689923, 234.0, 1160.3925074392096, 2.45265412640289,1.166095787990551, 7.389000000000802
-0.02889801840783852, 235.0, 1162.845446376736, 2.45322345240123,1.1678986359848542, 7.391000000000803
-0.0001647222158912649, 236.0, 1165.2989537530534, 2.45379100552103,1.169327141408731, 7.392000000000803
-0.008301808478419149, 237.0, 1167.7530277998799, 2.45435679494443,1.1711249530085261, 7.394000000000804
-0.017460092997792623, 238.0, 1170.2076667580827, 2.45492082978717,1.1729203457709085, 7.396000000000805
-0.027633514191567118, 239.0, 1172.6628688776113, 2.45548311909915,1.1747133216962924, 7.398000000000805
-0.002605830556623517, 240.0, 1175.118632417433, 2.45604367186505,1.1761312632462018, 7.399000000000806
-0.01472003799560488, 241.0, 1177.5749556454668, 2.45660249700495,1.1779192268827272, 7.401000000000806
-0.02783171662010509, 242.0, 1180.0318368385203, 2.45715960337489,1.1797047811513781, 7.403000000000807
-0.005507029833782711, 243.0, 1182.4892742822249, 2.45771499976751,1.1811148089567491, 7.404000000000807
-0.020525491609929815, 244.0, 1184.9472662709736, 2.45826869491260,1.1828953698400566, 7.406000000000808
-0.036523965785370476, 245.0, 1187.4058111078575, 2.45882069747767,1.1846735288598358, 7.408000000000809
-0.016854277656012585, 246.0, 1189.8649071046048, 2.45937101606855,1.186075680768941, 7.409000000000809
-0.034725924176184454, 247.0, 1192.3245525815187, 2.45991965922993,1.1878488656717336, 7.41100000000081
-0.016775317984520415, 248.0, 1194.7847458674169, 2.46046663544591,1.1892457465197928, 7.41200000000081
-0.036498191844440905, 249.0, 1197.2454852995706, 2.46101195314059,1.1910139712024215, 7.414000000000811
-0.020246214452795987, 250.0, 1199.7067692236465, 2.46155562067857,1.1924055997162073, 7.415000000000811
-0.004799634059370324, 251.0, 1202.1685959936449, 2.46209764636551,1.1937945479429362, 7.416000000000811
-0.02722493340753961, 252.0, 1204.6309639718434, 2.46263803844867,1.195555272856358, 7.418000000000812
-0.013446973225902947, 253.0, 1207.093871528738, 2.46317680511743,1.1969389978537752, 7.419000000000812
-0.00045999279654656373, 254.0, 1209.5573170429848, 2.46371395450379,1.198320058832511, 7.420000000000813
-0.025540429707775338, 255.0, 1212.021298901344, 2.46424949468292,1.200073319197472, 7.422000000000813
-0.014192445582174137, 256.0, 1214.4858154986218, 2.46478343367366,1.2014491861997123, 7.423000000000814
-0.0036212654982042264, 257.0, 1216.9508652376167, 2.46531577943901,1.202822404456471, 7.424000000000814
-0.03131013468913321, 258.0, 1219.4164465290614, 2.46584653988664,1.2045682357335472, 7.426000000000815
-0.022348664102400363, 259.0, 1221.8825577915688, 2.46637572286939,1.2059362903253146, 7.427000000000815
-0.014149916527986419, 260.0, 1224.3491974515784, 2.46690333618572,1.2073017134558384, 7.428000000000815
-0.006709361693594301, 261.0, 1226.8163639433003, 2.46742938758026,1.2086645108949017, 7.429000000000816
-2.2490230749586115e-05, 262.0, 1229.2840557086627, 2.46795388474422,1.2100246884087196, 7.430000000000816
-0.031914193623323574, 263.0, 1231.7522711972586, 2.46847683531592,1.2117581138585902, 7.432000000000817
-0.026789642696031474, 264.0, 1234.221008866293, 2.46899824688120,1.2131131770962356, 7.433000000000817
-0.02240505728395483, 265.0, 1236.6902671805308, 2.46951812697394,1.2144656366783524, 7.434000000000817
-0.018756011053091434, 266.0, 1239.1600446122447, 2.47003648307645,1.2158154983608294, 7.435000000000818
-0.015838093440613026, 267.0, 1241.6303396411645, 2.47055332262000,1.2171627680103423, 7.436000000000818
-0.0136469282012694, 268.0, 1244.1011507544258, 2.47106865298521,1.218507451159945, 7.437000000000818
-0.01217814616965273, 269.0, 1246.5724764465194, 2.47158248150251,1.2198495536527745, 7.438000000000819
-0.011427402750543218, 270.0, 1249.0443152192424, 2.47209481545259,1.2211890812278534, 7.439000000000819
-0.011390373594435494, 271.0, 1251.5166655816465, 2.47260566206679,1.222526039619554, 7.440000000000819
-0.012062754536385075, 272.0, 1253.989526049992, 2.47311502852761,1.2238604345577233, 7.44100000000082
-0.01344026152519649, 273.0, 1256.462895147696, 2.47362292196905,1.2251922717674921, 7.44200000000082
-0.015518630545337028, 274.0, 1258.936771405286, 2.47412934947706,1.2265215569693066, 7.44300000000082
-0.018293617552944834, 275.0, 1261.4111533603523, 2.47463431809000,1.2278482958786936, 7.444000000000821
-0.021761035825172366, 276.0, 1263.8860395574986, 2.47513783479896,1.2291724932034265, 7.445000000000821
-0.025916605839308923, 277.0, 1266.3614285482975, 2.47563990654825,1.2304941566492593, 7.446000000000821
-0.03075618081920317, 278.0, 1268.8373188912417, 2.47614054023577,1.231813290919489, 7.447000000000822
-0.03627559584205709, 279.0, 1271.3137091516996, 2.47663974271338,1.2331299017089195, 7.448000000000822
-0.003521051513597329, 280.0, 1273.7905979018678, 2.47713752078736,1.2340664269552009, 7.448000000000822
-0.010324640046953028, 281.0, 1276.2679837207272, 2.47763388121872,1.2353779159574234, 7.449000000000822
-0.017796000880572486, 282.0, 1278.745865193997, 2.47812883072366,1.2366868994524924, 7.450000000000823
-0.02593097872352302, 283.0, 1281.22424091409, 2.47862237597390,1.2379933851558533, 7.451000000000823
-0.034725643202841085, 284.0, 1283.7031094800695, 2.47911452359708,1.2392973746331195, 7.452000000000823
-0.0049077646209931165, 285.0, 1286.1824694976037, 2.47960528017714,1.2402209043573504, 7.452000000000823
-0.0149479562234272, 286.0, 1288.6623195789234, 2.48009465225467,1.2415198350178367, 7.453000000000824
-0.02563598444301084, 287.0, 1291.1426583427785, 2.48058264632728,1.2428162893538917, 7.454000000000824
-0.03696785769710987, 288.0, 1293.623484414395, 2.48106926884998,1.2441102729986078, 7.455000000000824
-0.009420848124824507, 289.0, 1296.1047964254333, 2.48155452623552,1.2450235201925144, 7.455000000000824
-0.021968126152110037, 290.0, 1298.5865930139446, 2.48203842485476,1.246312495320771, 7.456000000000825
-0.03514769321686661, 291.0, 1301.0688728243308, 2.48252097103701,1.2475990175333032, 7.457000000000825
-0.0092502355755067, 292.0, 1303.5516345073029, 2.48300217107037,1.2485046202199437, 7.457000000000825
-0.02362314720927911, 293.0, 1306.0348767198382, 2.48348203120210,1.2497861719507986, 7.458000000000825
-0.03861696003684719, 294.0, 1308.5185981251425, 2.48396055763895,1.2510652884020577, 7.459000000000826
-0.014338386176339524, 295.0, 1311.0027973926071, 2.48443775654746,1.2519633071157688, 7.459000000000826
-0.030503813283516618, 296.0, 1313.4874731977707, 2.48491363405437,1.253237490785716, 7.460000000000826
-0.007266045044061375, 297.0, 1315.9726242222782, 2.48538819624687,1.254130477411005, 7.460000000000826
-0.024588969646969515, 298.0, 1318.4582491538426, 2.48586144917299,1.2553997538752593, 7.461000000000826
-0.0023790399505453446, 299.0, 1320.9443466862056, 2.48633339884190,1.2562877369699765, 7.461000000000826
-0.020845486768807313, 300.0, 1323.430915519098, 2.48680405122419,1.2575521316988048, 7.462000000000827
-0.0399070987527904, 301.0, 1325.917954358203, 2.48727341225227,1.2588141325845819, 7.463000000000827
-0.019246723651526576, 302.0, 1328.4054619151163, 2.48774148782062,1.25969467703189, 7.463000000000827
-0.03943087217468826, 303.0, 1330.8934369073104, 2.48820828378612,1.2609518334018064, 7.464000000000827
-0.019766242371800743, 304.0, 1333.3818780580946, 2.48867380596837,1.2618274454043592, 7.464000000000827
-0.0005633944758836869, 305.0, 1335.8707840965806, 2.48913806014996,1.262700587837781, 7.464000000000827
-0.022377950296674224, 306.0, 1338.3601537576433, 2.48960105207681,1.2639504891034248, 7.465000000000828
-0.004152434996479303, 307.0, 1340.849985781886, 2.49006278745846,1.2648187408247036, 7.465000000000828
-0.027056000486006333, 308.0, 1343.3402789156034, 2.49052327196835,1.2660638611627903, 7.466000000000828
-0.009795525301421821, 309.0, 1345.8310319107452, 2.49098251124412,1.266927250022215, 7.466000000000828
-0.033774773609529546, 310.0, 1348.3222435248813, 2.49144051088790,1.2681676164164637, 7.467000000000828
-0.01746717827524116, 311.0, 1350.8139125211665, 2.49189727646662,1.2690261701196024, 7.467000000000828
-0.00160095188061513, 312.0, 1353.306037668304, 2.49235281351224,1.2698823055291413, 7.467000000000828
-0.027142289161770732, 313.0, 1355.7986177405128, 2.49280712752209,1.2711155494083473, 7.468000000000829
-0.012211188727519922, 314.0, 1358.291651517491, 2.49326022395911,1.2719668916151765, 7.468000000000829
-0.03879589385416485, 315.0, 1360.785137784383, 2.49371210825215,1.2731954420868619, 7.469000000000829
-0.024788079475671528, 316.0, 1363.2790753317458, 2.49416278579622,1.2740420184378438, 7.469000000000829
-0.01120756234975998, 317.0, 1365.7734629555134, 2.49461226195278,1.2748862125973925, 7.469000000000829
-0.03930708673074746, 318.0, 1368.2682994569655, 2.49506054205000,1.2761077377472267, 7.470000000000829
-0.02663257672758455, 319.0, 1370.7635836426925, 2.49550763138302,1.2769472074428998, 7.470000000000829
-0.014377151820414453, 320.0, 1373.2593143245645, 2.49595353521423,1.2777843164850191, 7.470000000000829
-0.0025381803713298507, 321.0, 1375.7554903196974, 2.49639825877351,1.2786190722049597, 7.470000000000829
-0.0325974807538116, 322.0, 1378.2521104504206, 2.49684180725850,1.2798312989018814, 7.47100000000083
-0.021642071339814602, 323.0, 1380.7491735442452, 2.49728418583484,1.280661385225354, 7.47100000000083
-0.011095083620168708, 324.0, 1383.2466784338324, 2.49772539963646,1.28148913950976, 7.47100000000083
-0.000953944820360588, 325.0, 1385.744623956961, 2.49816545376578,1.28231456899725, 7.47100000000083
-0.03292567820610942, 326.0, 1388.2430089564973, 2.49860435329399,1.283517599289729, 7.47200000000083
-0.0236461388363225, 327.0, 1390.7418322803624, 2.49904210326129,1.284338413828409, 7.47200000000083
-0.014764593586499484, 328.0, 1393.2410927815029, 2.49947870867713,1.285156924595426, 7.47200000000083
-0.006278527214210026, 329.0, 1395.7407893178595, 2.49991417452044,1.285973138747538, 7.47200000000083
-0.040116328306461446, 330.0, 1398.2409207523363, 2.50034850573992,1.2871670736117458, 7.47300000000083
-0.03247037148347683, 331.0, 1400.7414859527712, 2.50078170725418,1.2879787266470528, 7.47300000000083
-0.025212211734676648, 332.0, 1403.2424837919061, 2.50121378395206,1.2887881038581324, 7.47300000000083
-0.01833939044046079, 333.0, 1405.7439131473566, 2.50164474069285,1.289595212308459, 7.47300000000083
-0.011849462806933605, 334.0, 1408.245772901583, 2.50207458230645,1.2904000590456928, 7.47300000000083
-0.005739997777398137, 335.0, 1410.7480619418611, 2.50250331359371,1.2912026510920653, 7.47300000000083
-8.57795568866282e-06, 336.0, 1413.2507791602527, 2.50293093932655,1.2920029954470849, 7.47300000000083
-0.036967712678504135, 337.0, 1415.7539234535775, 2.50335746424823,1.2931812156644382, 7.474000000000831
-0.032040256356268615, 338.0, 1418.257493723384, 2.50378289307360,1.2939770924751333, 7.474000000000831
-0.027483456767141305, 339.0, 1420.7614888759217, 2.50420723048925,1.2947707419408794, 7.474000000000831
-0.02329495089474648, 340.0, 1423.2659078221122, 2.50463048115378,1.2955621709756513, 7.474000000000831
-0.01947238908509903, 341.0, 1425.7707494775227, 2.50505264969801,1.2963513864787943, 7.474000000000831
-0.016013434905040497, 342.0, 1428.2760127623364, 2.50547374072517,1.2971383953112317, 7.474000000000831
-0.012915765109661597, 343.0, 1430.7816966013263, 2.50589375881110,1.2979232043202147, 7.474000000000831
-0.010177069487834749, 344.0, 1433.287799923828, 2.50631270850453,1.2987058203309907, 7.474000000000831
-0.007795050874344005, 345.0, 1435.7943216637123, 2.50673059432719,1.2994862501467832, 7.474000000000831
-0.005767425050005208, 346.0, 1438.3012607593575, 2.50714742077409,1.3002645005489046, 7.474000000000831
-0.0040919206348057685, 347.0, 1440.8086161536248, 2.50756319231370,1.3010405782967407, 7.474000000000831
-0.0027662791309800584, 348.0, 1443.3163867938301, 2.50797791338813,1.3018144901280833, 7.474000000000831
-0.0017882546515340164, 349.0, 1445.8245716317183, 2.50839158841335,1.302586242758863, 7.474000000000831
-0.0011556141498275689, 350.0, 1448.3331696234372, 2.50880422177939,1.3033558428834657, 7.474000000000831
-0.0008661369616666924, 351.0, 1450.8421797295123, 2.50921581785053,1.3041232971742838, 7.474000000000831
-0.0009176151975318461, 352.0, 1453.35160091482, 2.50962638096548,1.304888612282406, 7.474000000000831
-0.0013078525085148006, 353.0, 1455.8614321485627, 2.51003591543762,1.305651793970872, 7.474000000000831
-0.0020346667692307434, 354.0, 1458.3716724042438, 2.51044442555511,1.3064128505728314, 7.474000000000831
-0.0030958868072335595, 355.0, 1460.8823206596426, 2.51085191558115,1.3071717878169753, 7.474000000000831
-0.004489354070228749, 356.0, 1463.3933758967887, 2.51125838975415,1.3079286122682117, 7.474000000000831
-0.006212922173467554, 357.0, 1465.9048371019383, 2.51166385228789,1.3086833304706131, 7.474000000000831
-0.008264456802126646, 358.0, 1468.4167032655482, 2.51206830737173,1.3094359489443592, 7.474000000000831
-0.010641835844546189, 359.0, 1470.9289733822536, 2.51247175917077,1.3101864741941427, 7.474000000000831
-0.013342948973225842, 360.0, 1473.4416464508422, 2.51287421182605,1.3109349126997702, 7.474000000000831
-0.016365698010940247, 361.0, 1475.9547214742306, 2.51327566945472,1.3116812709213779, 7.474000000000831
-0.01970799648115239, 362.0, 1478.4681974594407, 2.51367613615022,1.3124255552969786, 7.474000000000831
-0.02336776976058348, 363.0, 1480.9820734175769, 2.51407561598245,1.3131677722440367, 7.474000000000831
-0.027342955023715983, 364.0, 1483.4963483638003, 2.51447411299794,1.3139079281595765, 7.474000000000831
-0.03163150093337746, 365.0, 1486.0110213173084, 2.51487163122005,1.3146460294185178, 7.474000000000831
-0.03623136798569986, 366.0, 1488.5260913013096, 2.51526817464909,1.3153820823766844, 7.474000000000831
-0.04114052808486903, 367.0, 1491.0415573430016, 2.51566374726253,1.316116093372838, 7.474000000000831
-0.0024338650234672, 368.0, 1493.557418473548, 2.51605835301518,1.316467964147296, 7.47300000000083
-0.007907021281320745, 369.0, 1496.073673728056, 2.51645199583929,1.3171979178200677, 7.47300000000083
-0.013683657271125756, 370.0, 1498.5903221455542, 2.51684467964478,1.3179258488286418, 7.47300000000083
-0.019761790048523544, 371.0, 1501.1073627689689, 2.51723640831939,1.3186517634230106, 7.47300000000083
-0.02613944775460562, 372.0, 1503.6247946451047, 2.51762718572881,1.3193756678315356, 7.47300000000083
-0.032814669743738895, 373.0, 1506.1426168246196, 2.51801701571686,1.3200975682625589, 7.47300000000083
-0.03978550652362671, 374.0, 1508.6608283620055, 2.51840590210567,1.320817470904609, 7.47300000000083
-0.002782219371767907, 375.0, 1511.179428315565, 2.51879384869581,1.3211553797957267, 7.47200000000083
-0.010291303570685738, 376.0, 1513.6984157473908, 2.51918085926645,1.3218713158729367, 7.47200000000083
-0.018090418825532417, 377.0, 1516.2177897233444, 2.51956693757551,1.3225852730093017, 7.47200000000083
-0.026177658841538578, 378.0, 1518.737549313034, 2.51995208735984,1.323297257309068, 7.47200000000083
-0.034551128279037675, 379.0, 1521.2576935897946, 2.52033631233535,1.324007274857734, 7.47200000000083
-0.04320894242796439, 380.0, 1523.7782216306668, 2.52071961619714,1.3247153317198448, 7.47200000000083
-0.007592071633997492, 381.0, 1526.2991325163762, 2.52110200261971,1.3250415404356255, 7.47100000000083
-0.01676694012214313, 382.0, 1528.8204253313115, 2.52148347525705,1.3257457068947798, 7.47100000000083
-0.026220759008051132, 383.0, 1531.3420991635064, 2.52186403774281,1.3264479311322674, 7.47100000000083
-0.035951685506196575, 384.0, 1533.8641531046178, 2.52224369369045,1.3271482191314896, 7.47100000000083
-0.0012084199600276668, 385.0, 1536.386586249906, 2.52262244669335,1.327466776250745, 7.470000000000829
-0.011442800145522715, 386.0, 1538.9093976982144, 2.52300030032503,1.3281632239753443, 7.470000000000829
-0.021949015947437873, 387.0, 1541.4325865519504, 2.52337725813920,1.3288577536727748, 7.470000000000829
-0.032725265569720705, 388.0, 1543.9561519170652, 2.52375332366996,1.3295503712456245, 7.470000000000829
-0.043769757315424464, 389.0, 1546.4800929030343, 2.52412850043192,1.3302410825762003, 7.470000000000829
-0.010097253125205555, 390.0, 1549.0044086228381, 2.52450279192033,1.3305502071767963, 7.469000000000829
-0.021628552924966897, 391.0, 1551.5290981929427, 2.52487620161124,1.331237139733837, 7.469000000000829
-0.03342297217754286, 392.0, 1554.0541607332807, 2.52524873296162,1.331922183948855, 7.469000000000829
-0.00035320686601890677, 393.0, 1556.579595367232, 2.52562038940948,1.332225747422305, 7.468000000000829
-0.012624818921195224, 394.0, 1559.1054012216055, 2.52599117437403,1.332907049513224, 7.468000000000829
-0.025154514743106444, 395.0, 1561.6315774266193, 2.52636109125581,1.3335864809754694, 7.468000000000829
-0.037940571836410496, 396.0, 1564.1581231158837, 2.52673014343681,1.3342640475534475, 7.468000000000829
-0.005671890236458692, 397.0, 1566.6850374263809, 2.52709833428058,1.3345602659685567, 7.467000000000828
-0.018922465403366947, 398.0, 1569.2123194984476, 2.52746566713241,1.3352341384627593, 7.467000000000828
-0.032424480393851034, 399.0, 1571.7399684757575, 2.52783214531941,1.3359061635418112, 7.467000000000828
-0.0007283374554148073, 400.0, 1574.2679835053016, 2.52819777215067,1.3361969526961197, 7.466000000000828
-0.014685644111257029, 401.0, 1576.796363737371, 2.52856255091736,1.3368653194347624, 7.466000000000828
-0.028889552616251, 402.0, 1579.3251083255395, 2.52892648489287,1.3375318560413185, 7.466000000000828
-0.04333840674452572, 403.0, 1581.854216426645, 2.52928957733293,1.3381965681241048, 7.466000000000828
-0.012403597030379828, 404.0, 1584.3836872007728, 2.52965183147571,1.338480185135301, 7.465000000000828
-0.027295578381355157, 405.0, 1586.9135198112376, 2.53001325054200,1.3391412857369058, 7.465000000000828
-0.04242777734641647, 406.0, 1589.443713424566, 2.53037383773527,1.3398005788670369, 7.465000000000828
-0.012036585001972884, 407.0, 1591.9742672104796, 2.53073359624180,1.3400788950994436, 7.464000000000827
-0.027603057984778346, 408.0, 1594.5051803418773, 2.53109252923084,1.3407346116074885, 7.464000000000827
-0.043405100762864614, 409.0, 1597.0364519948198, 2.53145063985468,1.3413885375140222, 7.464000000000827
-0.01354556987084332, 410.0, 1599.5680813485105, 2.53180793124878,1.34166160712057, 7.463000000000827
-0.02977318847196054, 411.0, 1602.1000675852806, 2.53216440653190,1.3423119908900125, 7.463000000000827
-0.00024461154204568367, 412.0, 1604.6324098905714, 2.53252006880619,1.3425816126704686, 7.462000000000827
-0.016892202512564604, 413.0, 1607.1651074529186, 2.53287492115733,1.3432284772812317, 7.462000000000827
-0.03376785191150398, 414.0, 1609.6981594639349, 2.53322896665462,1.3438735791206344, 7.462000000000827
-0.004751635846005402, 415.0, 1612.2315651182944, 2.53358220835110,1.3441380434282402, 7.461000000000826
-0.02203881074780273, 416.0, 1614.765323613716, 2.53393464928368,1.3447796599755333, 7.461000000000826
-0.039549603376699126, 417.0, 1617.2994341509477, 2.53428629247320,1.3454195301532388, 7.461000000000826
-0.011034368543955023, 418.0, 1619.83389593375, 2.53463714092460,1.3456788895393132, 7.460000000000826
-0.028948387585971815, 419.0, 1622.3687081688806, 2.53498719762696,1.3463153079282544, 7.460000000000826
-0.0007443335833652709, 420.0, 1624.9038700660788, 2.53533646555369,1.346571313689711, 7.459000000000826
-0.019056235265775365, 421.0, 1627.439380838049, 2.53568494766255,1.3472043026078846, 7.459000000000826
-0.03758457945915431, 422.0, 1629.9752397004456, 2.53603264689583,1.3478355722123023, 7.459000000000826
-0.00986313993955253, 423.0, 1632.5114458718579, 2.53637956618039,1.3480865595618252, 7.458000000000825
-0.028781307581433907, 424.0, 1635.047998573794, 2.53672570842781,1.3487144325983575, 7.458000000000825
-0.0013592155390788373, 425.0, 1637.5848970306668, 2.53707107653447,1.3489621238183627, 7.457000000000825
-0.020662018929147288, 426.0, 1640.1221404697767, 2.53741567338166,1.3495866222027513, 7.457000000000825
-0.04017429151975069, 427.0, 1642.6597281212992, 2.53775950183569,1.350209427853859, 7.457000000000825
-0.013217007251892288, 428.0, 1645.1976592182677, 2.53810256474795,1.3504521855564102, 7.456000000000825
-0.03310608923070773, 429.0, 1647.7359329965602, 2.53844486495507,1.3510716488683112, 7.456000000000825
-0.006436683229064758, 430.0, 1650.2745486948836, 2.53878640527897,1.3513111668571567, 7.455000000000824
-0.026697538320593295, 431.0, 1652.8135055547598, 2.53912718852698,1.3519273093491706, 7.455000000000824
-0.0003115728941084162, 432.0, 1655.35280282051, 2.53946721749191,1.352163609970412, 7.454000000000824
-0.020939223861692474, 433.0, 1657.892439739242, 2.53980649495222,1.3527764530049342, 7.454000000000824
-0.04176694484431893, 434.0, 1660.4324155608347, 2.54014502367200,1.3533876398153069, 7.454000000000824
-0.015821846638197176, 435.0, 1662.9727295379228, 2.54048280640116,1.3536191232843984, 7.453000000000824
-0.03700885211665716, 436.0, 1665.5133809258853, 2.54081984587551,1.3542270421636666, 7.453000000000824
-0.011336215719347537, 437.0, 1668.0543689828296, 2.54115614481679,1.3544553631978125, 7.452000000000823
-0.03287767292486491, 438.0, 1670.5956929695772, 2.54149170593284,1.3550600350975432, 7.452000000000823
-0.0074732512881324625, 439.0, 1673.1373521496516, 2.54182653191764,1.3552852154544568, 7.451000000000823
-0.029364384838953986, 440.0, 1675.6793457892622, 2.54216062545143,1.355886661198137, 7.451000000000823
-0.004223984013508729, 441.0, 1678.221673157293, 2.54249398920079,1.3561087224700972, 7.450000000000823
-0.026460074303337668, 442.0, 1680.764333525287, 2.54282662581872,1.3567069627282098, 7.450000000000823
-0.0015795521747663356, 443.0, 1683.3073261674335, 2.54315853794474,1.356925926342259, 7.449000000000822
-0.02415593509710208, 444.0, 1685.8506503605547, 2.54348972820498,1.3575209816347988, 7.449000000000822
-0.046918401710701954, 445.0, 1688.3943053840926, 2.54382019921226,1.3581144362887867, 7.449000000000822
-0.02244326698036118, 446.0, 1690.938290520095, 2.54414995356617,1.3583287595507934, 7.448000000000822
-0.045538981681865945, 447.0, 1693.4826050532026, 2.54447899385318,1.3589190595103142, 7.448000000000822
-0.021313474648740487, 448.0, 1696.027248270637, 2.54480732264671,1.3591303377992683, 7.447000000000822
-0.04473790922039064, 449.0, 1698.5722194621853, 2.54513494250719,1.359717503214341, 7.447000000000822
-0.020758066106233836, 450.0, 1701.1175179201896, 2.54546185598220,1.359925757393241, 7.446000000000821
-0.044506745581874195, 451.0, 1703.6631429395331, 2.54578806560650,1.3605098082670704, 7.446000000000821
-0.020768650972748992, 452.0, 1706.2090938176266, 2.54611357390216,1.3607150590192274, 7.445000000000821
-0.04483715110843302, 453.0, 1708.7553698543977, 2.54643838337858,1.3612960151736075, 7.445000000000821
-0.021336939527524634, 454.0, 1711.3019703522764, 2.54676249653263,1.3614982830562194, 7.444000000000821
-0.045720890989996994, 455.0, 1713.8488946161838, 2.54708591584871,1.362076164239344, 7.444000000000821
-0.022454745122639685, 456.0, 1716.3961419535185, 2.54740864379882,1.3622754696567385, 7.44300000000082
-0.04714982795764132, 457.0, 1718.943711674146, 2.54773068284264,1.362850295436362, 7.44300000000082
-0.02411397760795186, 458.0, 1721.4916030903844, 2.54805203542765,1.3630466586240453, 7.44200000000082
-0.0011694174179504983, 459.0, 1724.0398155169937, 2.54837270398913,1.363241592983017, 7.44100000000082
-0.026306644370496266, 460.0, 1726.5883482711629, 2.54869269095031,1.3638118894656297, 7.44100000000082
-0.0035869265667158416, 461.0, 1729.1372006724982, 2.54901199872240,1.364003911812895, 7.440000000000819
-0.029024849002465623, 462.0, 1731.686372043011, 2.54933062970471,1.3645712013944435, 7.440000000000819
-0.006526318634102184, 463.0, 1734.2358617071068, 2.54964858628468,1.364760331581285, 7.439000000000819
-0.032260790240476775, 464.0, 1736.7856689915716, 2.54996587083799,1.365324633331663, 7.439000000000819
-0.00997983786938161, 465.0, 1739.335793225562, 2.55028248572860,1.3655108910574647, 7.438000000000819
-0.036006760778098564, 466.0, 1741.8862337405922, 2.55059843330886,1.366072223909169, 7.438000000000819
-0.013939821846021088, 467.0, 1744.4369898705233, 2.55091371591958,1.366255628724676, 7.437000000000818
-0.040255146155695164, 468.0, 1746.9880609515512, 2.55122833589005,1.366814011470951, 7.437000000000818
-0.018398700387700223, 469.0, 1749.5394463221962, 2.55154229553820,1.3669945827783725, 7.436000000000818
-0.044998423557513094, 470.0, 1752.0911453232893, 2.55185559717059,1.3675500340772107, 7.436000000000818
-0.02334899466703128, 471.0, 1754.6431572979639, 2.55216824308254,1.367727791131355, 7.435000000000818
-0.0017800488501097606, 472.0, 1757.1954815916424, 2.55248023555816,1.367904183913662, 7.434000000000817
-0.028783315700910257, 473.0, 1759.748117552026, 2.55279157687043,1.3684552914142933, 7.434000000000817
-0.007416362549603921, 474.0, 1762.3010645290829, 2.55310226928131,1.3686288986892965, 7.433000000000817
-0.03469436371162408, 475.0, 1764.8543218750385, 2.55341231504174,1.3691771209789088, 7.433000000000817
-0.013526033196957773, 476.0, 1767.407888944363, 2.55372171639176,1.3693479616360344, 7.432000000000817
-0.04107492671107643, 477.0, 1769.9617650937616, 2.55403047556056,1.3698933168997833, 7.432000000000817
-0.020101890802246388, 478.0, 1772.5159496821634, 2.55433859476654,1.3700614096867456, 7.431000000000816
-0.04791787955695042, 479.0, 1775.07044207071, 2.55464607621740,1.3706039159767103, 7.431000000000816
-0.027136851665700297, 480.0, 1777.6252416227455, 2.55495292211018,1.370769279498374, 7.430000000000816
-0.006429352142295966, 481.0, 1780.1803477038065, 2.55525913463135,1.3709333215808468, 7.429000000000816
-0.0346239175075056, 482.0, 1782.73575968161, 2.55556471595685,1.3714716074577966, 7.429000000000816
-0.014103678584521785, 483.0, 1785.2914769260435, 2.55586966825218,1.3716329480429106, 7.428000000000815
-0.04255617407674693, 484.0, 1787.8474988091561, 2.55617399367246,1.3721684296787389, 7.428000000000815
-0.022220009943508007, 485.0, 1790.4038247051453, 2.55647769436246,1.3723270870227333, 7.427000000000815
-0.0019537011897595965, 486.0, 1792.960453990349, 2.55678077245671,1.3724844461044314, 7.426000000000815
-0.030771555212717135, 487.0, 1795.517386043235, 2.55708323007955,1.3730157742333136, 7.426000000000815
-0.010684702316474727, 488.0, 1798.0746202443893, 2.55738506934518,1.373170476980573, 7.425000000000814
-0.03975158600401663, 489.0, 1800.6321559765076, 2.55768629235771,1.3736990447748572, 7.425000000000814
-0.019841136503531365, 490.0, 1803.1899926243852, 2.55798690121126,1.373851109758016, 7.424000000000814
-0.049153512387727284, 491.0, 1805.7481295749053, 2.55828689799000,1.374376934538055, 7.424000000000814
-0.029416399994226714, 492.0, 1808.3065662170318, 2.55858628476821,1.374526379230432, 7.423000000000814
-0.009744178134696305, 493.0, 1810.8653019417966, 2.55888506361034,1.3746745573406676, 7.422000000000813
-0.03940397916169901, 494.0, 1813.424336142292, 2.55918323657106,1.3751963201347737, 7.422000000000813
-0.01990069081527322, 495.0, 1815.98366821366, 2.55948080569535,1.3753419044505888, 7.421000000000813
-0.00046025756321782236, 496.0, 1818.5432975530825, 2.55977777301854,1.3754862355250796, 7.420000000000813
-0.03046013047606339, 497.0, 1821.103223559772, 2.56007414056635,1.3760039749683923, 7.420000000000813
-0.011184310183149656, 498.0, 1823.6634456349623, 2.56036991035498,1.376145738466791, 7.419000000000812
-0.04141617922975831, 499.0, 1826.223963181898, 2.56066508439115,1.3766608030438563, 7.419000000000812
-0.022302069875429886, 500.0, 1828.7847756058263, 2.56095966467216,1.3768000162076106, 7.418000000000812
-0.0032474809510499975, 501.0, 1831.3458823139867, 2.56125365318596,1.3769379979916445, 7.417000000000812
-0.03380733089396764, 502.0, 1833.9072827156022, 2.56154705191118,1.3774491025163769, 7.417000000000812
-0.0149102660421204, 503.0, 1836.4689762218695, 2.56183986281721,1.377584559687893, 7.416000000000811
-0.045693962551461985, 504.0, 1839.0309622459504, 2.56213208786423,1.3780930309148312, 7.416000000000811
-0.026951608486757598, 505.0, 1841.5932402029619, 2.56242372900330,1.3782259803905508, 7.415000000000811
-0.008265545887102783, 506.0, 1844.155809509968, 2.56271478817639,1.3783577199292987, 7.414000000000811
-0.03936548636770583, 507.0, 1846.7186695859705, 2.56300526731643,1.3788622932476444, 7.414000000000811
-0.020830077396288685, 508.0, 1849.2818198518983, 2.56329516834738,1.3789915503271846, 7.41300000000081
-0.002349088287306844, 509.0, 1851.8452597306007, 2.56358449318429,1.3791196101515775, 7.41200000000081
-0.033758467818812095, 510.0, 1854.4089886468378, 2.56387324373332,1.379620322383481, 7.41200000000081
-0.015424150487655197, 511.0, 1856.9730060272705, 2.56416142189183,1.3797459246974415, 7.41100000000081
-0.04704487390023111, 512.0, 1859.537311300454, 2.56444902954840,1.3802440686366213, 7.41100000000081
-0.028854551209766162, 513.0, 1862.1019038968266, 2.56473606858291,1.3803672298519574, 7.410000000000809
-0.010715581781680942, 514.0, 1864.6667832487033, 2.56502254086658,1.3804892145993182, 7.409000000000809
-0.04263455071085612, 515.0, 1867.231948790264, 2.56530844826200,1.3809835577930487, 7.409000000000809
-0.024635717352148256, 516.0, 1869.7973999575493, 2.56559379262324,1.3811031259203297, 7.408000000000809
-0.006686460013654404, 517.0, 1872.3631361884477, 2.56587857579582,1.3812215298739994, 7.407000000000808
-0.03889718614694609, 518.0, 1874.9291569226903, 2.56616279961682,1.3817121080743784, 7.407000000000808
-0.021084278031054848, 519.0, 1877.4954616018404, 2.56644646591493,1.3818281196084403, 7.406000000000808
-0.003319202600154506, 520.0, 1880.062049669286, 2.56672957651044,1.3819429791206057, 7.405000000000808
-0.03581531213411495, 521.0, 1882.6289205702312, 2.56701213321537,1.382429827686503, 7.405000000000808
-0.018182869524284682, 522.0, 1885.196073751688, 2.56729413783346,1.3825423187047101, 7.404000000000807
-0.0005965496450101304, 523.0, 1887.7635086624678, 2.56757559216024,1.3826536697121092, 7.403000000000807
-0.03337178133938074, 524.0, 1890.3312247531737, 2.56785649798307,1.3831368236136354, 7.403000000000807
-0.01591444676584038, 525.0, 1892.8992214761925, 2.56813685708121,1.3832458297810828, 7.402000000000807
-0.048880564147985264, 526.0, 1895.467498285685, 2.56841667122582,1.383726524740677, 7.402000000000807
-0.03154976067766576, 527.0, 1898.0360546375807, 2.56869594218006,1.3838332016341146, 7.401000000000806
-0.014262277557602303, 528.0, 1900.6048899895668, 2.56897467169912,1.383938758209097, 7.400000000000806
-0.047497213097768616, 529.0, 1903.174003801083, 2.56925286153025,1.3844158158226207, 7.400000000000806
-0.030332726652115123, 530.0, 1905.7433955333113, 2.56953051341280,1.384519066334381, 7.399000000000806
-0.013209936836245367, 531.0, 1908.3130646491697, 2.56980762907832,1.3846212081736915, 7.398000000000805
-0.046707720291557266, 532.0, 1910.8830106133037, 2.57008421025053,1.385094662400488, 7.398000000000805
-0.02970445861569874, 533.0, 1913.4532328920782, 2.57036025864541,1.385194521124975, 7.397000000000805
-0.01274130099882728, 534.0, 1916.0237309535714, 2.57063577597127,1.3852932826884665, 7.396000000000805
-0.04649606760189367, 535.0, 1918.5945042675648, 2.57091076392872,1.385763167116237, 7.396000000000805
-0.029649033926851445, 536.0, 1921.1655523055374, 2.57118522421077,1.3858596682541198, 7.395000000000804
-0.012840542402272257, 537.0, 1923.7368745406566, 2.57145915850286,1.3859550836101955, 7.394000000000804
-0.04684653060215511, 538.0, 1926.3084704477724, 2.57173256848292,1.3864214314595666, 7.394000000000804
-0.030150822243967288, 539.0, 1928.8803395034085, 2.57200545582136,1.3865146088227782, 7.393000000000804
-0.013492124042318471, 540.0, 1931.452481185756, 2.57227782218118,1.3866067116530159, 7.392000000000803
-0.04774367406822678, 541.0, 1934.0248949746633, 2.57254966921797,1.3870695557817498, 7.392000000000803
-0.031194480248703287, 542.0, 1936.5975803516335, 2.57282099857996,1.3871594427989895, 7.391000000000803
-0.014680794050273165, 543.0, 1939.170536799812, 2.57309181190807,1.3872482664028534, 7.390000000000803
-0.049172345685218825, 544.0, 1941.7437638039828, 2.57336211083595,1.3877076393105108, 7.390000000000803
-0.03276494628989545, 545.0, 1944.3172608505595, 2.57363189699001,1.3877942690315108, 7.389000000000802
-0.01639158080584346, 546.0, 1946.8910274275781, 2.57390117198948,1.3878798463309667, 7.388000000000802
-5.178737918738003e-05, 547.0, 1949.465063024691, 2.57416993744643,1.3879643748593562, 7.387000000000802
-0.034847435675962525, 548.0, 1952.0393671331585, 2.57443819496583,1.3884191852635397, 7.387000000000802
-0.018609787498557254, 549.0, 1954.6139392458426, 2.57470594614557,1.3885015488086616, 7.386000000000801
-0.002404274885978535, 550.0, 1957.1887788572, 2.57497319257654,1.388582874406729, 7.385000000000801
-0.03742743476977398, 551.0, 1959.7638854632744, 2.57523993584260,1.3890342881472115, 7.385000000000801
-0.021320987355308723, 552.0, 1962.3392585616893, 2.57550617752070,1.3891134701199739, 7.384000000000801
-0.0052452666148020965, 553.0, 1964.914897651643, 2.57577191918085,1.3891916248458271, 7.3830000000008
-0.04049069692286476, 554.0, 1967.4908022338996, 2.57603716238619,1.3896396732562808, 7.3830000000008
-0.0245110185922052, 555.0, 1970.066971810783, 2.57630190869306,1.389715705475638, 7.3820000000008
-0.00856068505938458, 556.0, 1972.6434058861696, 2.57656615965096,1.3897907210259448, 7.3810000000008
-0.04402323702486453, 557.0, 1975.2201039654828, 2.57682991680267,1.3902354350999686, 7.3810000000008
-0.028165979574842376, 558.0, 1977.7970655556846, 2.57709318168423,1.3903083490261277, 7.380000000000799
-0.012336711573037479, 559.0, 1980.374290165271, 2.57735595582500,1.3903802567405112, 7.379000000000799
-0.04801132738445338, 560.0, 1982.9517773042621, 2.57761824074772,1.3908216671357279, 7.379000000000799
-0.03227222429023641, 561.0, 1985.5295264841993, 2.57788003796850,1.3908914938748596, 7.378000000000799
-0.016559781371725948, 562.0, 1988.1075372181351, 2.57814134899688,1.3909603247403617, 7.377000000000798
-0.0008735830894057641, 563.0, 1990.68580902063, 2.57840217533588,1.3910281631631596, 7.376000000000798
-0.03681635736888647, 564.0, 1993.264341407743, 2.57866251848200,1.3914652320912875, 7.376000000000798
-0.021216578946582628, 565.0, 1995.8431338970263, 2.57892237992532,1.3915310167467108, 7.375000000000798
-0.00564174956340444, 566.0, 1998.4221860075204, 2.57918176114945,1.3915958191405258, 7.374000000000797
-0.04178522969688929, 567.0, 2001.0014972597446, 2.57944066363164,1.39202965472345, 7.374000000000797
-0.026294034186045735, 568.0, 2003.5810671756935, 2.57969908884277,1.3920924234700596, 7.373000000000797
-0.010826518053894056, 569.0, 2006.1608952788283, 2.57995703824742,1.3921542200335195, 7.372000000000797
-0.04716593798123029, 570.0, 2008.7409810940721, 2.58021451330386,1.3925848518553114, 7.372000000000797
-0.031779320515436665, 571.0, 2011.3213241478038, 2.58047151546413,1.3926446346542791, 7.371000000000796
-0.0164151350512915, 572.0, 2013.9019239678505, 2.58072804617404,1.392703455208111, 7.370000000000796
-0.0010729925432703012, 573.0, 2016.4827800834819, 2.58098410687324,1.3927613168176673, 7.369000000000796
-0.03765983783354271, 574.0, 2019.0638920254046, 2.58123969899522,1.3931877389386995, 7.369000000000796
-0.02239507444164057, 575.0, 2021.6452593257557, 2.58149482396734,1.3932436129564165, 7.368000000000795
-0.007151139432007827, 576.0, 2024.2268815180964, 2.58174948321092,1.3932985378311038, 7.367000000000795
-0.043923217243393445, 577.0, 2026.8087581374066, 2.58200367814119,1.3937218239804698, 7.367000000000795
-0.028754046639870228, 578.0, 2029.3908887200773, 2.58225741016740,1.393774780674311, 7.366000000000795
-0.013604513247272798, 579.0, 2031.9732728039078, 2.58251068069280,1.3938267979150283, 7.365000000000794
-0.050557331067624216, 580.0, 2034.5559099280954, 2.58276349111471,1.394246976628347, 7.365000000000794
-0.03547999447175964, 581.0, 2037.1387996332332, 2.58301584282450,1.3942970448640226, 7.364000000000794
-0.020421127321415107, 582.0, 2039.7219414613023, 2.58326773720770,1.3943461832297313, 7.363000000000794
-0.0053803648223726425, 583.0, 2042.3053349556665, 2.58351917564395,1.3943943948988944, 7.362000000000793
-0.04256107935128922, 584.0, 2044.8889796610658, 2.58377015950710,1.39481049103033, 7.362000000000793
-0.027589210573385568, 585.0, 2047.4728751236123, 2.58402069016519,1.394856778926617, 7.361000000000793
-0.01263430780983244, 586.0, 2050.057020890782, 2.58427076898052,1.3949021495626235, 7.360000000000793
-0.0499856750633202, 587.0, 2052.641416511411, 2.58452039730964,1.3953152036801113, 7.360000000000793
-0.035097207508729, 588.0, 2055.22606153569, 2.58476957650344,1.3953586692127993, 7.359000000000792
-0.02022458947617115, 589.0, 2057.810955515155, 2.58501830790711,1.395401226815118, 7.358000000000792
-0.005367472711067632, 590.0, 2060.396098002687, 2.58526659286022,1.3954428795799751, 7.357000000000792
-0.042933777306337365, 591.0, 2062.981488552503, 2.58551443269676,1.3958519373900928, 7.357000000000792
-0.028139936244386536, 592.0, 2065.5671267201515, 2.58576182874510,1.3958917096474401, 7.356000000000791
-0.013360508261273687, 593.0, 2068.153012062505, 2.58600878232810,1.3959305862570373, 7.355000000000791
-0.05108778805535688, 594.0, 2070.739144137758, 2.58625529476311,1.3963366658470213, 7.355000000000791
-0.03636928254116801, 595.0, 2073.325522505419, 2.58650136736197,1.3963736801408695, 7.354000000000791
-0.02166412329056782, 596.0, 2075.9121467263058, 2.58674700143107,1.396409807873442, 7.35300000000079
-0.006971977631151542, 597.0, 2078.4990163625384, 2.58699219827140,1.396445052056267, 7.35200000000079
-0.04490176680815917, 598.0, 2081.0861309775373, 2.58723695917853,1.3968472194785329, 7.35200000000079
-0.030267520339731895, 599.0, 2083.6734901360146, 2.58748128544266,1.3968806253104973, 7.35100000000079
-0.015645247645636344, 600.0, 2086.26109340397, 2.58772517834866,1.3969131565432398, 7.350000000000789
-0.001034625017463971, 601.0, 2088.8489403486856, 2.58796863917609,1.3969448161417855, 7.349000000000789
-0.03916010155611279, 602.0, 2091.4370305387206, 2.58821166919922,1.397343118565792, 7.349000000000789
-0.024604429814953928, 603.0, 2094.0253635439058, 2.58845426968706,1.3973729634262069, 7.348000000000789
-0.010059394464570456, 604.0, 2096.613938935338, 2.58869644190342,1.3974019454693651, 7.347000000000788
-0.048331464501424094, 605.0, 2099.202756285375, 2.58893818710688,1.3977973667642916, 7.347000000000788
-0.03383918361080178, 606.0, 2101.7918151676317, 2.58917950655085,1.3978245515367906, 7.346000000000788
-0.01935654510863704, 607.0, 2104.381115156973, 2.58942040148362,1.3978508822104083, 7.345000000000788
-0.0048832402369486175, 608.0, 2106.9706558295097, 2.58966087314833,1.3978763616728322, 7.344000000000787
-0.04333935916515083, 609.0, 2109.5604367625933, 2.58990092278306,1.3982679988481719, 7.344000000000787
-0.028915987739418756, 610.0, 2112.1504575348104, 2.59014055162081,1.398291704049504, 7.343000000000787
-0.014500981296406354, 611.0, 2114.7407177259784, 2.59037976088954,1.398314566628346, 7.342000000000787
-9.403870714264767e-05, 612.0, 2117.3312169171404, 2.59061855181220,1.3983365894288362, 7.341000000000786
-0.038727819081540486, 613.0, 2119.92195469056, 2.59085692560676,1.398724487827131, 7.341000000000786
-0.024368059091182812, 614.0, 2122.512930629716, 2.59109488348624,1.3987447590391127, 7.340000000000786
-0.010015419236997985, 615.0, 2125.104144319297, 2.59133242665870,1.3987641989334711, 7.339000000000786
-0.04878231901556078, 616.0, 2127.695595345199, 2.59156955632733,1.3991493095495076, 7.339000000000786
-0.03447481159841015, 617.0, 2130.287283294517, 2.59180627369040,1.3991670146310737, 7.338000000000785
-0.02017349876704799, 618.0, 2132.879207755542, 2.59204257994136,1.3991838967617276, 7.337000000000785
-0.00587809283681813, 619.0, 2135.4713683177583, 2.59227847626880,1.3991999587109722, 7.336000000000785
-0.04481175486398612, 620.0, 2138.0637645718334, 2.59251396385652,1.3995814083099047, 7.336000000000785
-0.030558849910735097, 621.0, 2140.6563961096176, 2.59274904388355,1.3995957575435705, 7.335000000000784
-0.016310950088507217, 622.0, 2143.2492625241384, 2.59298371752413,1.399609294838717, 7.334000000000784
-0.002067775576866014, 623.0, 2145.842363409594, 2.59321798594780,1.3996220229239118, 7.333000000000784
-0.04116221969760606, 624.0, 2148.4356983613498, 2.59345185031938,1.3999998551018833, 7.333000000000784
-0.02695897969250253, 625.0, 2151.0292669759356, 2.59368531179902,1.4000108922461771, 7.332000000000783
-0.012759502368637071, 626.0, 2153.623068851036, 2.59391837154219,1.4000211274948244, 7.331000000000783
-0.05197444245838138, 627.0, 2156.2171035854913, 2.59415103069974,1.4003962616551047, 7.331000000000783
-0.03781306975451574, 628.0, 2158.811370779289, 2.59438329041792,1.4004048228831447, 7.330000000000783
-0.023654681790011425, 629.0, 2161.405870033561, 2.59461515183837,1.400412591053007, 7.329000000000782
-0.00949901131996744, 630.0, 2164.0006009505787, 2.59484661609818,1.4004195688214525, 7.328000000000782
-0.04886452736831367, 631.0, 2166.5955631337483, 2.59507768432990,1.4007911603370624, 7.328000000000782
-0.03474442304492265, 632.0, 2169.1907561876055, 2.59530835766157,1.4007964845044607, 7.3270000000007816
-0.020626196703970073, 633.0, 2171.7861797178125, 2.59553863721672,1.40080102618328, 7.326000000000781
-0.006509588067397629, 634.0, 2174.381833331153, 2.59576852411442,1.4008047879915237, 7.325000000000781
-0.04602008164929821, 635.0, 2176.977716635527, 2.59599801946930,1.4011728787878786, 7.325000000000781
-0.03193664562682893, 636.0, 2179.5738292399474, 2.59622712439155,1.4011750079117482, 7.3240000000007806
-0.017854009034362985, 637.0, 2182.170170754535, 2.59645583998697,1.4011763649611508, 7.32300000000078
-0.0037719182109231947, 638.0, 2184.766740790513, 2.59668416735697,1.401176952514196, 7.32200000000078
-0.043421923969202754, 639.0, 2187.363538960206, 2.59691210759862,1.4015415839275256, 7.32200000000078
-0.029370671839919437, 640.0, 2189.9605648770316, 2.59713966180462,1.401540559410979, 7.3210000000007796
-0.015319168712478085, 641.0, 2192.5578181554997, 2.59736683106341,1.401538773079853, 7.320000000000779
-0.001267167228011172, 642.0, 2195.155298411204, 2.59759361645909,1.4015362274749912, 7.319000000000779
-0.04105134863973435, 643.0, 2197.753005260823, 2.59782001907151,1.401897440260145, 7.319000000000779
-0.027027910356422297, 644.0, 2200.3509383221112, 2.59804603997627,1.4018933029018525, 7.3180000000007785
-0.013003197627990409, 645.0, 2202.9490972138974, 2.59827168024476,1.4018884138385856, 7.317000000000778
-0.052887963917463296, 646.0, 2205.547481556078, 2.59849694094412,1.4022470756900303, 7.317000000000778
-0.03889011633784096, 647.0, 2208.1460909696166, 2.59872182313737,1.4022406099138345, 7.316000000000778
-0.024890232639090785, 648.0, 2210.744925076537, 2.59894632788330,1.4022333999183914, 7.3150000000007775
-0.010888077151906785, 649.0, 2213.343983499919, 2.59917045623661,1.4022254481786263, 7.314000000000777
-0.05089790804117161, 650.0, 2215.943265863896, 2.59939420924785,1.4025807613238819, 7.314000000000777
-0.03692064125767564, 651.0, 2218.5427717936495, 2.59961758796348,1.4025712544504263, 7.313000000000777
-0.022940163199687773, 652.0, 2221.1425009154054, 2.59984059342588,1.4025610114532796, 7.3120000000007765
-0.008956442251968745, 653.0, 2223.7424528564297, 2.60006322667337,1.4025500365263692, 7.311000000000776
-0.04908634483301216, 654.0, 2226.342627245025, 2.60028548874022,1.4029020401867196, 7.311000000000776
-0.03512519063134077, 655.0, 2228.943023710527, 2.60050738065670,1.402889527877745, 7.310000000000776
-0.021160070588464197, 656.0, 2231.5436418832974, 2.60072890344907,1.402876290907648, 7.3090000000007755
-0.0071907609769287315, 657.0, 2234.1444813947246, 2.60095005813961,1.4028623316792828, 7.308000000000775
-0.047435856676395494, 658.0, 2236.7455418772156, 2.60117084574664,1.4032110645006848, 7.308000000000775
-0.03348704391228246, 659.0, 2239.346822964195, 2.60139126728455,1.4031955871215764, 7.307000000000775
-0.019533336211214482, 660.0, 2241.9483242900983, 2.60161132376380,1.4031793946338997, 7.3060000000007745
-0.005574517082870505, 661.0, 2244.5500454903718, 2.60183101619094,1.403162489417627, 7.305000000000774
-0.04593004247482277, 662.0, 2247.151986201464, 2.60205034556868,1.4035079894980702, 7.305000000000774
-0.031989704698846974, 663.0, 2249.7541460608254, 2.60226931289581,1.4034895851113764, 7.304000000000774
-0.018043570075217695, 664.0, 2252.3565247069037, 2.60248791916732,1.40347047505509, 7.3030000000007735
-0.004091426433728661, 665.0, 2254.9591217791385, 2.60270616537437,1.403450661661849, 7.302000000000773
-0.04455273613725408, 666.0, 2257.5619369179603, 2.60292405250429,1.4037929666201747, 7.302000000000773
-0.03061710762101602, 667.0, 2260.1649697647827, 2.60314158154066,1.4037716727529501, 7.301000000000773
-0.01667480212761296, 668.0, 2262.7682199620035, 2.60335875346326,1.403749682505084, 7.3000000000007725
-0.0027256138316537615, 669.0, 2265.371687152997, 2.60357556924814,1.4037269981828058, 7.299000000000772
-0.043288172549797735, 670.0, 2267.9753709821116, 2.60379202986761,1.4040661451039198, 7.299000000000772
-0.029353583255154702, 671.0, 2270.5792710946666, 2.60400813629028,1.4040419987414607, 7.298000000000772
-0.015411459677624419, 672.0, 2273.183387136948, 2.60422388948104,1.4040171651522688, 7.2970000000007715
-0.001461600884580098, 673.0, 2275.7877187562053, 2.60443929040115,1.4039916466001068, 7.296000000000771
-0.04212097763706326, 674.0, 2278.392265600646, 2.60465434000815,1.4043276720306084, 7.296000000000771
-0.028183848546730714, 675.0, 2280.997027319435, 2.60486903925600,1.4043007096029905, 7.295000000000771
-0.014238350475591077, 676.0, 2283.6020035626884, 2.60508338909500,1.4042730689688683, 7.2940000000007705
-0.0002842871548138868, 677.0, 2286.2071939814714, 2.60529739047186,1.4042447523600474, 7.29300000000077
-0.0410361579987446, 678.0, 2288.8125982277925, 2.60551104432969,1.4045776923548692, 7.29300000000077
-0.027093003536559176, 679.0, 2291.418215954604, 2.60572435160804,1.4045479497800646, 7.29200000000077
-0.013140666586940923, 680.0, 2294.024046815794, 2.60593731324291,1.4045175378896606, 7.2910000000007695
-0.053961889373718284, 681.0, 2296.630090466186, 2.60614993016677,1.404848173588338, 7.2910000000007695
-0.040019100404643126, 682.0, 2299.2363465615335, 2.60636220330856,1.4048163489991268, 7.290000000000769
-0.026066523938981415, 683.0, 2301.8428147585178, 2.60657413359371,1.4047838616813024, 7.289000000000769
-0.01210397266982486, 684.0, 2304.4494947147427, 2.60678572194419,1.4047507138100397, 7.2880000000007685
-0.0530103025875573, 685.0, 2307.056386088734, 2.60699696927849,1.4050783259609951, 7.2880000000007685
-0.03905555825677128, 686.0, 2309.6634885399326, 2.60720787651164,1.4050437828594944, 7.287000000000768
-0.025090250021584548, 687.0, 2312.270801728694, 2.60741844455527,1.4050085856971892, 7.286000000000768
-0.011114195931751157, 688.0, 2314.878325316283, 2.60762867431755,1.4049727366164333, 7.2850000000007675
-0.05210158708386925, 689.0, 2317.4860589648706, 2.60783856670328,1.4052973599285064, 7.2850000000007675
-0.038131642743742686, 690.0, 2320.094002337531, 2.60804812261387,1.4052601328396352, 7.284000000000767
-0.02415037840317467, 691.0, 2322.702155098239, 2.60825734294734,1.4052222602324969, 7.283000000000767
-0.010157617154939604, 692.0, 2325.3105169118653, 2.60846622859838,1.4051837442183515, 7.2820000000007665
-0.05122212066487711, 693.0, 2327.9190874441724, 2.60867478045835,1.405505412924104, 7.2820000000007665
-0.037233814940854246, 694.0, 2330.527866361814, 2.60888299941527,1.4054655358811876, 7.281000000000766
-0.023233453170718663, 695.0, 2333.1368533323302, 2.60909088635386,1.4054250217391657, 7.280000000000766
-0.009220862969136916, 696.0, 2335.746048024143, 2.60929844215557,1.405383872579634, 7.2790000000007655
-0.05035862443507607, 697.0, 2338.355450106555, 2.60950566769856,1.405702620443976, 7.2790000000007655
-0.03634887762462718, 698.0, 2340.9650592497455, 2.60971256385774,1.4056601269956908, 7.278000000000765
-0.022326357405780702, 699.0, 2343.5748751247665, 2.60991913150476,1.405617004747153, 7.277000000000765
-0.008290896933117025, 700.0, 2346.1848974035406, 2.61012537150807,1.4055732557496166, 7.2760000000007645
-0.04949815419872157, 701.0, 2348.7951257588566, 2.61033128473291,1.4058891160770508, 7.2760000000007645
-0.03546396546024156, 702.0, 2351.405559864367, 2.61053687204130,1.4058440392958649, 7.275000000000764
-0.021416306051425478, 703.0, 2354.0161993945867, 2.61074213429210,1.405798341894899, 7.274000000000764
-0.0073550121240477705, 704.0, 2356.6270440248845, 2.61094707234099,1.4057520258949536, 7.2730000000007635
-0.04862809276858077, 705.0, 2359.2380934314856, 2.61115168704051,1.4060650315359078, 7.2730000000007635
-0.034566539606129314, 706.0, 2361.8493472914656, 2.61135597924007,1.4060174040260316, 7.272000000000763
-0.020490835988743013, 707.0, 2364.460805282748, 2.61155994978595,1.4059691639597176, 7.271000000000763
-0.006400822645345958, 708.0, 2367.0724670841005, 2.61176359952133,1.4059203133283973, 7.2700000000007625
-0.04773614232679643, 709.0, 2369.6843323751336, 2.61196692928628,1.4062304966864019, 7.2700000000007625
-0.03364437772797886, 710.0, 2372.296400836295, 2.61216993991783,1.4061803505914412, 7.269000000000762
-0.01953780030263971, 711.0, 2374.9086721488698, 2.61237263224990,1.4061295998877423, 7.268000000000762
-0.005416256363269719, 712.0, 2377.5211459949724, 2.61257500711342,1.4060782465389023, 7.2670000000007615
-0.0468103168037969, 713.0, 2380.13382205755, 2.61277706533623,1.4063856395783487, 7.2670000000007615
-0.032685566739143426, 714.0, 2382.7467000203733, 2.61297880774318,1.4063330065877955, 7.266000000000761
-0.018545360069017563, 715.0, 2385.359779568038, 2.61318023515612,1.4062797768232187, 7.265000000000761
-0.004389546242603164, 716.0, 2387.9730603859603, 2.61338134839390,1.4062259522205394, 7.2640000000007605
-0.04583893365709199, 717.0, 2390.5865421603726, 2.61358214827239,1.4065305864730686, 7.2640000000007605
-0.03167849705494462, 718.0, 2393.200224578323, 2.61378263560449,1.4064754978300422, 7.26300000000076
-0.017501976458520727, 719.0, 2395.8141073276697, 2.61398281120018,1.4064198201366507, 7.26200000000076
-0.0033092255129521884, 720.0, 2398.42819009708, 2.61418267586646,1.4063635553009413, 7.2610000000007595
-0.04481060776122082, 721.0, 2401.0424725760276, 2.61438223040746,1.4066654618724432, 7.2610000000007595
-0.03061185330483209, 722.0, 2403.6569544547874, 2.61458147562436,1.406607948380892, 7.260000000000759
-0.01639640413718206, 723.0, 2406.271635424434, 2.61478041231546,1.4065498534533047, 7.259000000000759
-0.002164118095747818, 724.0, 2408.8865151768414, 2.61497904127618,1.4064911789700274, 7.2580000000007585
-0.043714142548499764, 725.0, 2411.501593404674, 2.61517736329907,1.406790387817802, 7.2580000000007585
-0.029474507194632356, 726.0, 2414.11686980139, 2.61537537917383,1.4067304798491065, 7.257000000000758
-0.015217582764262319, 727.0, 2416.7323440612345, 2.61557308968731,1.4066699979509871, 7.256000000000758
-0.0009432308538415571, 728.0, 2419.348015879239, 2.61577049562354,1.4066089439764082, 7.2550000000007575
-0.042538925777019884, 729.0, 2421.9638849512166, 2.61596759776372,1.4069054868313198, 7.2550000000007575
-0.028255914133477257, 730.0, 2424.579950973761, 2.61616439688627,1.4068432143326102, 7.254000000000757
-0.013955034765570876, 731.0, 2427.1962136442417, 2.61636089376681,1.406780375304912, 7.253000000000757
-0.05558484117110345, 732.0, 2429.8126726608043, 2.61655708917818,1.407074924034175, 7.253000000000757
-0.0412743209741065, 733.0, 2432.429327722365, 2.61675298389045,1.407010877574729, 7.2520000000007565
-0.026945502321434965, 734.0, 2435.046178528608, 2.61694857867095,1.4069462700740452, 7.251000000000756
-0.012598253117181168, 735.0, 2437.6632247799844, 2.61714387428427,1.4068811033404438, 7.250000000000756
-0.054268203249130356, 736.0, 2440.280466177708, 2.61733887149228,1.407173037350209, 7.250000000000756
-0.039910061405933304, 737.0, 2442.8979024237537, 2.61753357105412,1.4071066777860897, 7.2490000000007555
-0.025533069057620355, 738.0, 2445.5155332208533, 2.61772797372625,1.4070397643998007, 7.248000000000755
-0.01113709766028823, 739.0, 2448.133358272494, 2.61792208026242,1.4069722989736877, 7.247000000000755
-0.05284422599616281, 740.0, 2450.7513772829166, 2.61811589141371,1.4072616474355397, 7.247000000000755
-0.03843614250317032, 741.0, 2453.3695899571094, 2.61830940792854,1.4071930035790199, 7.2460000000007545
-0.02400867147238442, 742.0, 2455.98799600081, 2.61850263055269,1.4071238130179056, 7.245000000000754
-0.009561688292869444, 743.0, 2458.606595120499, 2.61869556002928,1.4070540775091525, 7.244000000000754
-0.05130310043113732, 744.0, 2461.2253870234, 2.61888819709880,1.4073408692049503, 7.244000000000754
-0.036842817044375094, 745.0, 2463.8443714174737, 2.61908054249913,1.4072699694678439, 7.2430000000007535
-0.022362623498545536, 746.0, 2466.46354801142, 2.61927259696557,1.407198530043844, 7.242000000000753
-0.007862398351827, 747.0, 2469.082916514671, 2.61946436123079,1.4071265526649, 7.241000000000753
-0.04963527108390747, 748.0, 2471.702476637391, 2.61965583602490,1.4074108159930945, 7.241000000000753
-0.03512058847128713, 749.0, 2474.322228090473, 2.61984702207543,1.407337688392938, 7.2400000000007525
-0.020585487488191525, 750.0, 2476.9421705855357, 2.62003792010737,1.4072640280253332, 7.239000000000752
-0.006029849573815404, 751.0, 2479.5623038349227, 2.62022853084314,1.4071898365977134, 7.238000000000752
-0.04783142769184105, 752.0, 2482.182627551697, 2.62041885500265,1.4074715995789884, 7.238000000000752
-0.03326020508596919, 753.0, 2484.8031414496413, 2.62060889330327,1.40739627174542, 7.2370000000007515
-0.0186680694388564, 754.0, 2487.4238452432555, 2.62079864645987,1.4073204179670729, 7.236000000000751
-0.004054904758394505, 755.0, 2490.044738647751, 2.62098811518481,1.4072440399273387, 7.235000000000751
-0.04588250054146043, 756.0, 2492.665821379051, 2.62117730018796,1.4075233302105785, 7.235000000000751
-0.031252653993672455, 757.0, 2495.2870931537886, 2.62136620217673,1.4074458293912917, 7.2340000000007505
-0.016601412396933305, 758.0, 2497.9085536893012, 2.62155482185604,1.4073678093547717, 7.23300000000075
-0.001928663679970113, 759.0, 2500.5302027036314, 2.62174315992836,1.4072892717607055, 7.23200000000075
-0.043779655310111854, 760.0, 2503.1520399155224, 2.62193121709374,1.4075661166286424, 7.23200000000075
-0.029089155148320993, 761.0, 2505.774065044416, 2.62211899404975,1.4074864696955043, 7.2310000000007495
-0.014376791618763665, 762.0, 2508.3962778104506, 2.62230649149158,1.40740631017892, 7.230000000000749
-0.05624520044078898, 763.0, 2511.0186779344585, 2.62249371011199,1.4076813249751952, 7.230000000000749
-0.04151428464408083, 764.0, 2513.641265137964, 2.62268065060134,1.4076000660901395, 7.229000000000749
-0.02676139125015705, 765.0, 2516.2640391431805, 2.62286731364759,1.4075183010813042, 7.2280000000007485
-0.011985944005507187, 766.0, 2518.8869996730073, 2.62305369993633,1.4074360284928475, 7.227000000000748
-0.05387326298184591, 767.0, 2521.5101464510285, 2.62323981015079,1.4077086447574843, 7.227000000000748
-0.03907824300879576, 768.0, 2524.1334792015105, 2.62342564497182,1.4076252859228353, 7.226000000000748
-0.024260564214793424, 769.0, 2526.7569976494005, 2.62361120507794,1.4075414259020242, 7.2250000000007475
-0.00942012258524377, 770.0, 2529.38070152032, 2.62379649114532,1.407457066290287, 7.224000000000747
-0.0513239029163175, 771.0, 2532.0045905405696, 2.62398150384780,1.4077273103301762, 7.224000000000747
-0.03646289503478263, 772.0, 2534.6286644371185, 2.62416624385692,1.4076418774166242, 7.223000000000747
-0.021578794662419236, 773.0, 2537.2529229376087, 2.62435071184190,1.407555949700837, 7.2220000000007465
-0.006671499746057442, 774.0, 2539.8773657703496, 2.62453490846966,1.407469528755962, 7.221000000000746
-0.048589352663828224, 775.0, 2542.501992664317, 2.62471883440483,1.4077374265302331, 7.221000000000746
-0.03366052479040244, 776.0, 2545.126803349149, 2.62490249030978,1.4076499450525088, 7.220000000000746
-0.01870818156891762, 777.0, 2547.7517975551464, 2.62508587684461,1.4075619750681103, 7.2190000000007455
-0.003732224542392939, 778.0, 2550.376975013268, 2.62526899466714,1.4074735181287126, 7.218000000000745
-0.045661820678679826, 779.0, 2553.0023354551286, 2.62545184443297,1.4077390952562627, 7.218000000000745
-0.030663388965177545, 780.0, 2555.627878612999, 2.62563442679546,1.4076495903804425, 7.217000000000745
-0.015641030608126504, 781.0, 2558.253604219802, 2.62581674240572,1.407559603206565, 7.2160000000007445
-0.0005943654067206237, 782.0, 2560.87951200911, 2.62599879191267,1.4074691334745426, 7.215000000000744
-0.04253343474019572, 783.0, 2563.505601715142, 2.62618057596301,1.407732415252406, 7.215000000000744
-0.027463664900841185, 784.0, 2566.131873072765, 2.62636209520124,1.4076409118140552, 7.214000000000744
-0.012369568855952197, 785.0, 2568.758325817488, 2.62654335026966,1.4075489322006614, 7.2130000000007435
-0.054315554020712906, 786.0, 2571.384959685461, 2.62672434180843,1.4078104951911026, 7.2130000000007435
-0.03919737931953961, 787.0, 2574.011774413474, 2.62690507045549,1.4077174892895503, 7.212000000000743
-0.024054580892353985, 788.0, 2576.6387697389537, 2.62708553684667,1.4076240117597207, 7.211000000000743
-0.008887067107038604, 789.0, 2579.2659453999604, 2.62726574161560,1.4075300640904866, 7.2100000000007425
-0.050838632979567075, 790.0, 2581.893301135188, 2.62744568539381,1.4077893751647441, 7.2100000000007425
-0.03564616439436824, 791.0, 2584.5208366839606, 2.62762536881067,1.407694413330472, 7.209000000000742
-0.020428691687913617, 792.0, 2587.148551786231, 2.62780479249345,1.407598985844789, 7.208000000000742
-0.00518612661172747, 793.0, 2589.776446182578, 2.62798395706728,1.4075030941804396, 7.2070000000007415
-0.04714115615626328, 794.0, 2592.4045196142038, 2.62816286315521,1.4077601777435005, 7.2070000000007415
-0.03187278769206506, 795.0, 2595.0327718229337, 2.62834151137818,1.4076632838997056, 7.206000000000741
-0.01657904487046644, 796.0, 2597.6612025512113, 2.62851990235506,1.4075659302994472, 7.205000000000741
-0.0012598424652786383, 797.0, 2600.2898115421003, 2.62869803670261,1.407468118395641, 7.2040000000007405
-0.0432162692683557, 798.0, 2602.9185985392787, 2.62887591503556,1.4077229985187978, 7.2040000000007405
-0.027870434881383348, 799.0, 2605.5475632870375, 2.62905353796655,1.4076241962477507, 7.20300000000074
-0.012498867285525645, 800.0, 2608.176705530281, 2.62923090610619,1.407524940035081, 7.20200000000074
-0.05445611149477544, 801.0, 2610.8060250145227, 2.62940802006305,1.4077781695668086, 7.20200000000074
-0.03905729115746603, 802.0, 2613.435521485882, 2.62958488044364,1.4076779317559622, 7.2010000000007395
-0.023632469115903196, 803.0, 2616.0651946910857, 2.62976148785247,1.407577244321455, 7.200000000000739
-0.008181563885648826, 804.0, 2618.695044377464, 2.62993784289203,1.4074761086809657, 7.199000000000739
-0.05013666720552642, 805.0, 2621.325070292947, 2.63011394616281,1.407727176161397, 7.199000000000739
-0.03465772005054732, 806.0, 2623.955272186066, 2.63028979826327,1.4076250704606041, 7.1980000000007385
-0.019152430328385952, 807.0, 2626.585649805949, 2.63046539978992,1.4075225208178483, 7.197000000000738
-0.0036207177490124517, 808.0, 2629.2162029023193, 2.63064075133727,1.4074195286289706, 7.196000000000738
-0.04557175459956965, 809.0, 2631.8469312254947, 2.63081585349785,1.407668457291212, 7.196000000000738
-0.030011232245845135, 810.0, 2634.477834526383, 2.63099070686225,1.4075645064261113, 7.1950000000007375
-0.01442403403812756, 811.0, 2637.108912556483, 2.63116531201907,1.4074601172138614, 7.194000000000737
-0.056371756937516226, 812.0, 2639.7401650678808, 2.63133966955499,1.407707443230277, 7.194000000000737
-0.04075517245934527, 813.0, 2642.371591813248, 2.63151378005474,1.4076021037945705, 7.193000000000737
-0.02511166416534499, 814.0, 2645.0031925458393, 2.63168764410112,1.4074963301701484, 7.1920000000007365
-0.009441156671276894, 815.0, 2647.6349670194927, 2.63186126227500,1.4073901237221857, 7.191000000000736
-0.05138151190699429, 816.0, 2650.266914988625, 2.63203463515534,1.4076353508522872, 7.191000000000736
-0.03568088682879193, 817.0, 2652.8990362082313, 2.63220776331921,1.407528205301878, 7.190000000000736
-0.019953021751703957, 818.0, 2655.531330433883, 2.63238064734176,1.4074206310305897, 7.1890000000007355
-0.004197842722978186, 819.0, 2658.1637974217256, 2.63255328779624,1.4073126293837221, 7.188000000000735
-0.04612903529808488, 820.0, 2660.7964369284764, 2.63272568525405,1.407555780040918, 7.188000000000735
-0.030343027601490696, 821.0, 2663.4292487114244, 2.63289784028469,1.407446850265618, 7.187000000000735
-0.014529472700368917, 822.0, 2666.0622325284257, 2.63306975345581,1.4073374971629211, 7.1860000000007345
-0.05645349623032218, 823.0, 2668.695388137905, 2.63324142533317,1.407579091451157, 7.1860000000007345
-0.040608577890320845, 824.0, 2671.328715298849, 2.63341285648073,1.4074688183692716, 7.185000000000734
-0.024735883164984918, 825.0, 2673.96221377081, 2.63358404746055,1.4073581259665902, 7.184000000000734
-0.008835342299387344, 826.0, 2676.595883313901, 2.63375499883289,1.4072470155563666, 7.1830000000007335
-0.05074712797972614, 827.0, 2679.229723688793, 2.63392571115619,1.4074865719210765, 7.1830000000007335
-0.03481454668596353, 828.0, 2681.863734656716, 2.63409618498703,1.4073745522535388, 7.182000000000733
-0.018853896806058226, 829.0, 2684.497915979455, 2.63426642088021,1.4072621185317493, 7.181000000000733
-0.0028651108181032255, 830.0, 2687.132267419348, 2.63443641938872,1.4071492720516103, 7.1800000000007325
-0.044762986050637665, 831.0, 2689.7667887392877, 2.63460618106373,1.407386812126255, 7.1800000000007325
-0.02874150101665647, 832.0, 2692.4014797027144, 2.63477570645466,1.407273066969178, 7.179000000000732
-0.012691663359179381, 833.0, 2695.036340073618, 2.63494499610911,1.4071589129530833, 7.178000000000732
-0.05457877474201878, 834.0, 2697.6713696165357, 2.63511405057293,1.4073949413343783, 7.178000000000732
-0.038495743090354834, 835.0, 2700.3065680965483, 2.63528287039018,1.4072798965001323, 7.1770000000007315
-0.022384147806663153, 836.0, 2702.941935279281, 2.63545145610319,1.4071644466679045, 7.176000000000731
-0.006243924571307688, 837.0, 2705.5774709309003, 2.63561980825249,1.4070485931033807, 7.175000000000731
-0.04811426139856412, 838.0, 2708.2131748181114, 2.63578792737692,1.407282642409645, 7.175000000000731
-0.03194021745405348, 839.0, 2710.8490467081583, 2.63595581401354,1.407165908364959, 7.1740000000007305
-0.015737340293719544, 840.0, 2713.485086368821, 2.63612346869769,1.4070487743967997, 7.17300000000073
-0.05759474230241139, 841.0, 2716.121293568414, 2.63629089196300,1.4072813396390174, 7.17300000000073
-0.04135757306417021, 842.0, 2718.7576680757847, 2.63645808434137,1.4071633328709185, 7.17200000000073
-0.02509137009126825, 843.0, 2721.3942096603114, 2.63662504636298,1.4070449299500287, 7.1710000000007295
-0.008796071876726727, 844.0, 2724.030918091901, 2.63679177855633,1.4069261321122595, 7.170000000000729
-0.05063396299528743, 845.0, 2726.66779314099, 2.63695828144820,1.4071567546737918, 7.170000000000729
-0.03430377667845813, 846.0, 2729.3048345785387, 2.63712455556370,1.4070370941385975, 7.169000000000729
-0.017944300541055766, 847.0, 2731.9420421760333, 2.63729060142626,1.406917042407423, 7.1680000000007285
-0.0015554750811469197, 848.0, 2734.579415705481, 2.63745641955762,1.4067966006983077, 7.167000000000728
-0.04337236893935242, 849.0, 2737.216954939411, 2.63762201047785,1.4070253010048257, 7.167000000000728
-0.026948076012717575, 850.0, 2739.8546596508727, 2.63778737470538,1.4069040065694767, 7.166000000000728
-0.01049424441292414, 851.0, 2742.49252961343, 2.63795251275697,1.4067823258276697, 7.1650000000007275
-0.05229500119728595, 852.0, 2745.130564601166, 2.63811742514773,1.4070095842614005, 7.1650000000007275
-0.035805265954252506, 853.0, 2747.7687643886766, 2.63828211239114,1.406887058201352, 7.164000000000727
-0.019285807601265602, 854.0, 2750.40712875107, 2.63844657499903,1.4067641494700007, 7.163000000000727
-0.0027365692936993802, 855.0, 2753.045657463966, 2.63861081348162,1.4066408592573785, 7.1620000000007265
-0.04451378245603181, 856.0, 2755.6843503034943, 2.63877482834750,1.4068662305811686, 7.1620000000007265
-0.027928090133022825, 857.0, 2758.3232070462914, 2.63893862010365,1.4067421047951623, 7.161000000000726
-0.011312438562866999, 858.0, 2760.9622274695002, 2.63910218925544,1.40661760111426, 7.160000000000726
-0.05307158147801765, 859.0, 2763.601411350769, 2.63926553630663,1.406841556666106, 7.160000000000726
-0.03641906148888588, 860.0, 2766.2407584682473, 2.63942866175940,1.4067162246533542, 7.1590000000007254
-0.019736406216278618, 861.0, 2768.8802686005884, 2.63959156611433,1.4065905182963427, 7.158000000000725
-0.003023562391814177, 862.0, 2771.519941526943, 2.63975424987043,1.4064644387579517, 7.157000000000725
-0.044756731900063816, 863.0, 2774.159777026962, 2.63991671352513,1.4066865415777168, 7.157000000000725
-0.028006496057762068, 864.0, 2776.7997748807916, 2.64007895757428,1.4065596432316216, 7.1560000000007244
-0.011225902065902689, 865.0, 2779.4399348690736, 2.64024098251219,1.4064323752085242, 7.155000000000724
-0.05293915460159209, 866.0, 2782.0802567729434, 2.64040278883158,1.4066530877892716, 7.155000000000724
-0.03612077503539053, 867.0, 2784.7207403740276, 2.64056437702366,1.4065250080371132, 7.154000000000724
-0.019271869723597988, 868.0, 2787.3613854544446, 2.64072574757808,1.4063965620770114, 7.1530000000007234
-0.002392388885554448, 869.0, 2790.0021917968006, 2.64088690098293,1.406267751043814, 7.152000000000723
-0.044077348001537085, 870.0, 2792.6431591841892, 2.64104783772480,1.4064866445206567, 7.152000000000723
-0.02715958412137019, 871.0, 2795.284287400191, 2.64120855828875,1.4063570310688753, 7.151000000000723
-0.010211083112790188, 872.0, 2797.925576228869, 2.64136906315830,1.406227055967791, 7.1500000000007224
-0.05187436223762789, 873.0, 2800.56702545477, 2.64152935281549,1.4064445841859494, 7.1500000000007224
-0.03488720413808299, 874.0, 2803.2086348629227, 2.64168942774081,1.4063138135862179, 7.149000000000722
-0.01786915100150261, 875.0, 2805.850404238834, 2.64184928841330,1.4061826847272971, 7.148000000000722
-0.0008201545866918288, 876.0, 2808.4923333684906, 2.64200893531046,1.4060511987182496, 7.147000000000721
-0.0424529275091705, 877.0, 2811.1344220383553, 2.64216836890834,1.4062669407306811, 7.147000000000721
-0.02536480200514038, 878.0, 2813.776670035366, 2.64232758968147,1.406134668323788, 7.146000000000721
-0.008245580589720426, 879.0, 2816.4190771469343, 2.64248659810293,1.4060020421124164, 7.145000000000721
-0.049854871851970246, 880.0, 2819.061643160945, 2.64264539464432,1.4062164426944321, 7.145000000000721
-0.03269616568907701, 881.0, 2821.704367865753, 2.64280397977578,1.4060830368505017, 7.14400000000072
-0.015506214076427695, 882.0, 2824.347251050183, 2.64296235396598,1.405949280514576, 7.14300000000072
-0.05709154763006285, 883.0, 2826.9902925035267, 2.64312051768214,1.406162351212435, 7.14300000000072
-0.039861763720808, 884.0, 2829.633492015544, 2.64327847139004,1.4060278219447762, 7.14200000000072
-0.022600588692091424, 885.0, 2832.276849376459, 2.64343621555402,1.4058929454651385, 7.141000000000719
-0.005307977586763575, 886.0, 2834.920364376959, 2.64359375063698,1.4057577228455052, 7.140000000000719
-0.046859800486669566, 887.0, 2837.564036808193, 2.64375107710037,1.4059690531180378, 7.140000000000719
-0.029526920100092963, 888.0, 2840.207866461773, 2.64390819540425,1.4058330663790974, 7.139000000000719
-0.012162462201818729, 889.0, 2842.851853129768, 2.64406510600723,1.4056967367374895, 7.138000000000718
-0.05368863465695501, 890.0, 2845.4959966047063, 2.64422180936653,1.405906760207412, 7.138000000000718
-0.03628357760744902, 891.0, 2848.1402966795717, 2.64437830593795,1.4057696729981255, 7.137000000000718
-0.01884680485972954, 892.0, 2850.7847531478046, 2.64453459617589,1.405632246091778, 7.136000000000718
-0.0013782743147306587, 893.0, 2853.4293658032966, 2.64469068053336,1.4054944805362555, 7.135000000000717
-0.04286896622081829, 894.0, 2856.074134440395, 2.64484655946196,1.4057027947818546, 7.135000000000717
-0.02535942171222773, 895.0, 2858.7190588538947, 2.64500223341193,1.4055642802742285, 7.134000000000717
-0.007817985302164612, 896.0, 2861.364138839042, 2.64515770283210,1.4054254302811493, 7.133000000000717
-0.049281525507901526, 897.0, 2864.009374191531, 2.64531296816996,1.405632460910791, 7.133000000000717
-0.03169876268056819, 898.0, 2866.654764707503, 2.64546802987161,1.4054928683723678, 7.132000000000716
-0.014083977310674305, 899.0, 2869.300310183544, 2.64562288838177,1.405352943481473, 7.131000000000716
-0.05551972945175094, 900.0, 2871.946010416684, 2.64577754414384,1.405558700289491, 7.131000000000716
-0.03786331209830152, 901.0, 2874.5918652043965, 2.64593199759984,1.4054180391988798, 7.130000000000716
-0.020174744681608826, 902.0, 2877.237874344595, 2.64608624919045,1.4052770488582866, 7.129000000000715
-0.002453988113972954, 903.0, 2879.884037635635, 2.64624029935500,1.405135730280517, 7.128000000000715
-0.04385158777107196, 904.0, 2882.5303548763095, 2.64639414853149,1.4053398212945143, 7.128000000000715
-0.026088814887042587, 905.0, 2885.1768258658476, 2.64654779715660,1.405197774861625, 7.127000000000715
-0.008293730133825925, 906.0, 2887.8234504039174, 2.64670124566565,1.4050554032541183, 7.126000000000714
-0.04966213912502922, 907.0, 2890.4702282906183, 2.64685449449266,1.4052582429304599, 7.126000000000714
-0.03182474863207777, 908.0, 2893.117159326486, 2.64700754407034,1.405115149673662, 7.125000000000714
-0.013954925046425256, 909.0, 2895.7642433124865, 2.64716039483007,1.404971734274518, 7.124000000000714
-0.05529354954681304, 910.0, 2898.411480050017, 2.64731304720195,1.4051733321123472, 7.124000000000714
-0.037381138137246014, 911.0, 2901.058869340904, 2.64746550161474,1.4050292012111751, 7.123000000000713
-0.019436175593640425, 912.0, 2903.7064109874027, 2.64761775849593,1.4048847511706168, 7.122000000000713
-0.0014586260290226256, 913.0, 2906.3541047921944, 2.64776981827172,1.4047399829713327, 7.121000000000713
-0.04275660657283245, 914.0, 2909.001950558386, 2.64792168136701,1.4049399571285084, 7.121000000000713
-0.024736114275616235, 915.0, 2911.649948089509, 2.64807334820544,1.4047944815094344, 7.120000000000712
-0.006682921500330032, 916.0, 2914.2980971895186, 2.64822481920934,1.40464869069605, 7.119000000000712
-0.04794980890779835, 917.0, 2916.94639766279, 2.64837609479980,1.4048474448207953, 7.119000000000712
-0.029853405900659942, 918.0, 2919.5948493141204, 2.64852717539663,1.4047009525999654, 7.118000000000712
-0.011724190645406477, 919.0, 2922.243451948725, 2.64867806141839,1.4045541481201833, 7.117000000000711
-0.052959430025718006, 920.0, 2924.892205372238, 2.64882875328236,1.404751691426369, 7.117000000000711
-0.034786743553332306, 921.0, 2927.541109390709, 2.64897925140458,1.4046041914948777, 7.116000000000711
-0.01658113708568753, 922.0, 2930.1901638106046, 2.64912955619985,1.404456382211854, 7.115000000000711
-0.05778418508386037, 923.0, 2932.8393684388043, 2.64927966808173,1.4046527238298117, 7.115000000000711
-0.039534852006509316, 924.0, 2935.488723082601, 2.64942958746253,1.4045042249944855, 7.11400000000071
-0.021252493198682387, 925.0, 2938.1382275496994, 2.64957931475332,1.40435541968675, 7.11300000000071
-0.0029370761074670945, 926.0, 2940.7878816482144, 2.64972885036397,1.4042063088464305, 7.11200000000071
-0.04409648383938447, 927.0, 2943.43768518667, 2.64987819470311,1.4044010796483584, 7.11200000000071
-0.025737021017526056, 928.0, 2946.0876379739993, 2.65002734817815,1.4042512870115975, 7.111000000000709
-0.0073443980737734425, 929.0, 2948.7377398195404, 2.65017631119529,1.4041011916846513, 7.110000000000709
-0.048470420752410405, 930.0, 2951.3879905330386, 2.65032508415951,1.4042947817587634, 7.110000000000709
-0.03003351062556621, 931.0, 2954.0383899246435, 2.65047366747461,1.4041440104062304, 7.109000000000709
-0.01156334063936122, 932.0, 2956.688937804906, 2.65062206154316,1.4039929391783332, 7.108000000000708
-0.0526554723355604, 933.0, 2959.3396339847814, 2.65077026676656,1.4041853573829475, 7.108000000000708
-0.034141059790566336, 934.0, 2961.990478275624, 2.65091828354501,1.404033617154465, 7.107000000000708
-0.015593011115823717, 935.0, 2964.6414704891895, 2.65106611227751,1.4038815785292524, 7.106000000000708
-0.0566507558994222, 936.0, 2967.2926104376297, 2.65121375336191,1.4040728336410382, 7.106000000000708
-0.03805795576150589, 937.0, 2969.943897933496, 2.65136120719484,1.4039201303706916, 7.105000000000707
-0.019431704208623665, 938.0, 2972.595332789734, 2.65150847417180,1.4037671327740426, 7.104000000000707
-0.0007719718945211305, 939.0, 2975.246914819686, 2.65165555468709,1.4036138417516515, 7.103000000000707
-0.04178335002604921, 940.0, 2977.8986438370857, 2.65180244913386,1.403803576862545, 7.103000000000707
-0.023078579695531974, 941.0, 2980.5505196560616, 2.65194915790411,1.403649628639741, 7.102000000000706
-0.00434023729474158, 942.0, 2983.202542091132, 2.65209568138865,1.4034953897170976, 7.101000000000706
-0.04531614171939456, 943.0, 2985.8547109572064, 2.65224201997719,1.4036839818895053, 7.101000000000706
-0.026532544933500067, 944.0, 2988.507026069584, 2.65238817405824,1.4035290913072769, 7.100000000000706
-0.007715287254585605, 945.0, 2991.15948724395, 2.65253414401922,1.4033739127250822, 7.099000000000705
-0.04865525583746654, 946.0, 2993.812094296378, 2.65267993024636,1.4035613704771268, 7.099000000000705
-0.02979253252036351, 947.0, 2996.4648470433262, 2.65282553312480,1.4034055457242718, 7.098000000000705
-0.010896061655891206, 948.0, 2999.117745301639, 2.65297095303853,1.4032494356458598, 7.097000000000705
-0.05179964353810898, 949.0, 3001.7707888885425, 2.65311619037042,1.4034357674198676, 7.097000000000705
-0.03285750120546759, 950.0, 3004.4239776216464, 2.65326124550221,1.403279016608439, 7.096000000000704
-0.013881527056248497, 951.0, 3007.0773113189407, 2.65340611881455,1.4031219831204966, 7.095000000000704
-0.054748280393766516, 952.0, 3009.7307897987957, 2.65355081068693,1.4033071972831652, 7.095000000000704
-0.035726434325765236, 953.0, 3012.3844128799606, 2.65369532149779,1.4031495284493514, 7.094000000000704
-0.016670674344886442, 954.0, 3015.038180381563, 2.65383965162442,1.4029915795626289, 7.093000000000703
-0.05750016706985711, 955.0, 3017.6920921231067, 2.65398380144303,1.4031756844062258, 7.093000000000703
-0.03839833988880902, 956.0, 3020.3461479244716, 2.65412777132873,1.4030171055109626, 7.092000000000703
-0.019262518677162277, 957.0, 3023.0003476059114, 2.65427156165555,1.40285824916133, 7.091000000000703
-9.267848756539486e-05, 958.0, 3025.654690988054, 2.65441517279641,1.4026991162036209, 7.090000000000702
-0.040872249813372, 959.0, 3028.3091778918997, 2.65455860512316,1.402881771833994, 7.090000000000702
-0.021656099358421485, 960.0, 3030.9638081388193, 2.65470185900658,1.4027220158833624, 7.089000000000702
-0.002405852918338742, 961.0, 3033.6185815505546, 2.65484493481635,1.4025619858904161, 7.088000000000702
-0.04314721977658625, 962.0, 3036.273497949217, 2.65498783292111,1.4027435512384785, 7.088000000000702
-0.0238504792745873, 963.0, 3038.9285571572846, 2.65513055368840,1.4025829034753623, 7.087000000000701
-0.00451956786776268, 964.0, 3041.5837589976036, 2.65527309748471,1.4024219842114687, 7.086000000000701
-0.04522232892665423, 965.0, 3044.2391032933856, 2.65541546467548,1.4026024673257718, 7.086000000000701
-0.025844744298959013, 966.0, 3046.8945898682073, 2.65555765562509,1.402440935466341, 7.085000000000701
-0.006432915773985366, 967.0, 3049.5502185460095, 2.65569967069686,1.4022791346233279, 7.0840000000007
-0.04709667918025526, 968.0, 3052.2059891510958, 2.65584151025307,1.4024585434812522, 7.0840000000007
-0.02763800328162336, 969.0, 3054.8619015081313, 2.65598317465495,1.4022961351699061, 7.0830000000007
-0.008145012568087038, 970.0, 3057.517955442141, 2.65612466426269,1.4021334603682383, 7.0820000000007
-0.048769394430892066, 971.0, 3060.1741507785114, 2.65626597943545,1.402311802876467, 7.0820000000007
-0.029229386850931308, 972.0, 3062.8304873429865, 2.65640712053136,1.4021485256860835, 7.081000000000699
-0.009654995591494886, 973.0, 3065.4869649616676, 2.65654808790751,1.4019849844758376, 7.080000000000699
-0.05023962168095743, 974.0, 3068.1435834610133, 2.65668888191998,1.4021622684714754, 7.080000000000699
-0.03061804811878114, 975.0, 3070.800342667838, 2.65682950292381,1.4019981299048678, 7.079000000000699
-0.01096202404686363, 976.0, 3073.4572424093094, 2.65696995127305,1.4018337297652934, 7.078000000000698
-0.051506528272000945, 977.0, 3076.11428251295, 2.65711022732070,1.4020099630165084, 7.078000000000698
-0.0318031616402908, 978.0, 3078.771462806634, 2.65725033141878,1.4018449705072678, 7.077000000000698
-0.01206527904168001, 979.0, 3081.4287831185884, 2.65739026391829,1.4016797188486165, 7.076000000000698
-0.052569303786011906, 980.0, 3084.0862432773883, 2.65753002516925,1.401854909054661, 7.076000000000698
-0.032783922570831917, 981.0, 3086.7438431119604, 2.65766961552064,1.4016890699675881, 7.075000000000697
-0.012963962561931958, 982.0, 3089.401582451579, 2.65780903532048,1.4015229741319095, 7.074000000000697
-0.05342715818705689, 983.0, 3092.0594611258666, 2.65794828491578,1.4016971289242284, 7.074000000000697
-0.033559547667772305, 984.0, 3094.717478964791, 2.65808736465258,1.4015304505559414, 7.073000000000697
-0.013657296856531081, 985.0, 3097.3756357986667, 2.65822627487593,1.401363517817438, 7.072000000000696
-0.0540793221904475, 986.0, 3100.0339314581533, 2.65836501592988,1.4015366447607431, 7.072000000000696
-0.03412927347343595, 987.0, 3102.6923657742514, 2.65850358815752,1.4013691343403323, 7.071000000000696
-0.014144524931491358, 988.0, 3105.350938578307, 2.65864199190097,1.401201371905984, 7.070000000000696
-0.05452504686582986, 989.0, 3108.009649702006, 2.65878022750138,1.401373478498884, 7.070000000000696
-0.0344923566951749, 990.0, 3110.6684989773753, 2.65891829529891,1.4012051431888743, 7.069000000000695
-0.014424909123045483, 991.0, 3113.3274862367825, 2.65905619563280,1.4010365581990405, 7.068000000000695
-0.054763602098373144, 992.0, 3115.9866113129324, 2.65919392884129,1.4012076518740082, 7.068000000000695
-0.034648073949679656, 993.0, 3118.645874038869, 2.65933149526169,1.4010384987716804, 7.067000000000695
-0.014497732168053116, 994.0, 3121.3052742479717, 2.65946889523034,1.4008690983013163, 7.066000000000694
-0.05479427843193623, 995.0, 3123.9648117739575, 2.65960612908265,1.4010391864258316, 7.066000000000694
-0.03459572087397427, 996.0, 3126.6244864508767, 2.65974319715307,1.4008692225624835, 7.065000000000694
-0.014362295131249059, 997.0, 3129.2842981131143, 2.65988009977511,1.4006990136217552, 7.064000000000694
-0.05461638505190715, 998.0, 3131.944246595388, 2.66001683728134,1.4008681034992385, 7.064000000000694
-0.034334612369123954, 999.0, 3134.604331732749, 2.66015341000341,1.400697335841682, 7.063000000000693
-0.01401791881829537, 1000.0, 3137.2645533605773, 2.66028981827202,1.4005263253760678, 7.062000000000693
-0.054229249366678715, 1001.0, 3139.9249113145847, 2.66042606241695,1.4006944242464094, 7.062000000000693
-0.03386408161809171, 1002.0, 3142.585405430813, 2.66056214276705,1.4005228596979347, 7.061000000000693
-0.013463941642247111, 1003.0, 3145.24603554563, 2.66069805965026,1.4003510545893127, 7.060000000000692
-0.0536322182065326, 1004.0, 3147.9068014957334, 2.66083381339359,1.4005181696289621, 7.060000000000692
-0.03318348036409456, 1005.0, 3150.5677031181463, 2.66096940432313,1.400345815029731, 7.059000000000692
-0.012699721050316404, 1006.0, 3153.228740250217, 2.66110483276407,1.4001732220973417, 7.058000000000692
-0.05282465525058322, 1007.0, 3155.8899127296195, 2.66124009904070,1.4003393604203378, 7.058000000000692
-0.032292178360434465, 1008.0, 3158.5512203943513, 2.66137520347638,1.4001662225475837, 7.057000000000691
-0.011724631854550563, 1009.0, 3161.212663082733, 2.66151014639357,1.3999928485482345, 7.056000000000691
-0.05180594310839839, 1010.0, 3163.874240633406, 2.66164492811387,1.4001580172074612, 7.056000000000691
-0.031189562837497013, 1011.0, 3166.535952885335, 2.66177954895793,1.3999841027766744, 7.055000000000691
-0.010538066702079988, 1012.0, 3169.1977996778032, 2.66191400924555,1.3998099544052742, 7.05400000000069
-0.05057548103738822, 1013.0, 3171.8597808504137, 2.66204830929562,1.399974160391793, 7.05400000000069
-0.029875038822984357, 1014.0, 3174.521896243088, 2.66218244942614,1.3997994760578785, 7.05300000000069
-0.009139435147943532, 1015.0, 3177.184145696065, 2.66231642995424,1.3996245599484236, 7.05200000000069
-0.049132685847001166, 1016.0, 3179.8465290499007, 2.66245025119617,1.3997878101930639, 7.05200000000069
-0.028348027135474504, 1017.0, 3182.509046145467, 2.66258391346730,1.3996123625491572, 7.051000000000689
-0.007528164221771905, 1018.0, 3185.1716968239502, 2.66271741708212,1.399436685275862, 7.050000000000689
-0.0474769907968338, 1019.0, 3187.8344809268506, 2.66285076235426,1.3995989866497343, 7.050000000000689
-0.026607966963410203, 1020.0, 3190.497398295982, 2.66298394959647,1.3994227822298033, 7.049000000000689
-0.005703696696580133, 1021.0, 3193.1604487734708, 2.66311697912066,1.3992463503061419, 7.048000000000688
-0.045607845911691564, 1022.0, 3195.823632201754, 2.66324985123784,1.399407709620781, 7.048000000000688
-0.02465431285702553, 1023.0, 3198.486948423581, 2.66338256625820,1.3992307548997047, 7.047000000000688
-0.0036654927052228482, 1024.0, 3201.1503972820083, 2.66351512449106,1.3990535747807682, 7.046000000000688
-0.04352471744913246, 1025.0, 3203.8139786204033, 2.66364752624488,1.3992139987889967, 7.046000000000688
-0.022486535608435904, 1026.0, 3206.4776922824412, 2.66377977182729,1.399036300182113, 7.045000000000687
-0.0014130278064448448, 1027.0, 3209.1415381121033, 2.66391186154505,1.3988583782644042, 7.044000000000687
-0.041227087608922415, 1028.0, 3211.805515953678, 2.66404379570409,1.3990178736614087, 7.044000000000687
-0.020104122167546753, 1029.0, 3214.46962565176, 2.66417557460951,1.398839437526456, 7.043000000000687
-0.05988694439788647, 1030.0, 3217.1338670512473, 2.66430719856556,1.3989983010720226, 7.043000000000687
-0.038714453512720556, 1031.0, 3219.7982399973425, 2.66443866787566,1.3988193535707842, 7.042000000000686
-0.01750657477554647, 1032.0, 3222.462744335551, 2.66456998284239,1.3986401862083488, 7.041000000000686
-0.05724382343121485, 1033.0, 3225.1273799116802, 2.66470114376751,1.3987981322013654, 7.041000000000686
-0.03598632897939897, 1034.0, 3227.792146571839, 2.66483215095196,1.398618457679722, 7.040000000000686
-0.014693410919320795, 1035.0, 3230.4570441624373, 2.66496300469584,1.3984385653326188, 7.039000000000685
-0.054384862345044416, 1036.0, 3233.1220725301837, 2.66509370529846,1.3985956003155624, 7.039000000000685
-0.03304224181329688, 1037.0, 3235.7872315220866, 2.66522425305829,1.39841520497948, 7.038000000000685
-0.011664163185551099, 1038.0, 3238.452520985452, 2.66535464827298,1.3982345938350358, 7.037000000000685
-0.051309599730431296, 1039.0, 3241.117940767883, 2.66548489123938,1.3983907242946703, 7.037000000000685
-0.02988173476983419, 1040.0, 3243.78349071728, 2.66561498225355,1.3982096142935185, 7.036000000000684
-0.008418378732199304, 1041.0, 3246.449170681838, 2.66574492161072,1.3980282904826746, 7.035000000000684
-0.0480175887624492, 1042.0, 3249.114980510047, 2.66587470960531,1.3981835228507178, 7.035000000000684
-0.026504365593240767, 1043.0, 3251.780920050692, 2.66600434653098,1.3980017042792572, 7.034000000000684
-0.00495561932903929, 1044.0, 3254.4469891528506, 2.66613383268055,1.397819673878078, 7.033000000000683
-0.044508397112550925, 1045.0, 3257.113187665892, 2.66626316834607,1.3979740145306658, 7.033000000000683
-0.022909705821998427, 1046.0, 3259.779515439478, 2.66639235381879,1.3977914934281184, 7.032000000000683
-0.0012754607516600736, 1047.0, 3262.4459723235623, 2.66652138938918,1.397608762458356, 7.031000000000683
-0.04078160626746619, 1048.0, 3265.112558168386, 2.66665027534691,1.397762217717971, 7.031000000000683
-0.01909734111560066, 1049.0, 3267.7792728244813, 2.66677901198088,1.397579000069744, 7.030000000000682
-0.05857115075455894, 1050.0, 3270.446116142669, 2.66690759957921,1.397731852272953, 7.030000000000682
-0.03683681155321109, 1051.0, 3273.1130879740567, 2.66703603842922,1.3975481506331966, 7.029000000000682
-0.015066871115757883, 1052.0, 3275.78018817004, 2.66716432881750,1.3973642423713, 7.028000000000682
-0.05449370706885365, 1053.0, 3278.4474165823, 2.66729247102981,1.3975162196276032, 7.028000000000682
-0.032673622095835866, 1054.0, 3281.1147730628027, 2.66742046535119,1.3973318313378222, 7.027000000000681
-0.010817908408580644, 1055.0, 3283.7822574638003, 2.66754831206589,1.3971472383405008, 7.026000000000681
-0.050197586000467795, 1056.0, 3286.449869637827, 2.66767601145740,1.3972983468296802, 7.026000000000681
-0.028291660179826393, 1057.0, 3289.1176094377015, 2.66780356380844,1.3971132777332258, 7.025000000000681
-0.006350079918136171, 1058.0, 3291.7854767165245, 2.66793096940098,1.3969280058270581, 7.02400000000068
-0.04568241874743874, 1059.0, 3294.4534713276776, 2.66805822851624,1.3970782516765756, 7.02400000000068
-0.02369056149612066, 1060.0, 3297.1215931248244, 2.66818534143467,1.3968925075648602, 7.02300000000068
-0.0016630234470239053, 1061.0, 3299.7898419619078, 2.66831230843598,1.3967065625230703, 7.02200000000068
-0.04094785020428499, 1062.0, 3302.458217693151, 2.66843912979913,1.396855951808697, 7.02200000000068
-0.01886997347688662, 1063.0, 3305.126720173053, 2.66856580580232,1.3966695384211592, 7.021000000000679
-0.058121797538875745, 1064.0, 3307.7953492563943, 2.66869233672304,1.3968183438664552, 7.021000000000679
-0.035993536922928886, 1065.0, 3310.4641047982304, 2.66881872283801,1.396631464710907, 7.020000000000679
-0.013829556982284635, 1066.0, 3313.1329866538936, 2.66894496442321,1.3964443877351154, 7.019000000000679
-0.053033570065635284, 1067.0, 3315.801994678992, 2.66907106175390,1.3965923466573318, 7.019000000000679
-0.03081914870154779, 1068.0, 3318.471128729408, 2.66919701510460,1.3964048077173716, 7.018000000000678
-0.008568986003668315, 1069.0, 3321.1403886612993, 2.66932282474910,1.3962170727924934, 7.017000000000678
-0.04772502759983789, 1070.0, 3323.8097743310955, 2.66944849096046,1.396364191131716, 7.017000000000678
-0.025424367785653268, 1071.0, 3326.4792855954997, 2.66957401401102,1.3961759980117465, 7.016000000000678
-0.003087944756309923, 1072.0, 3329.1489223114877, 2.66969939417239,1.3959876107248348, 7.015000000000677
-0.042195860374825415, 1073.0, 3331.818684336305, 2.66982463171545,1.396133894370991, 7.015000000000677
-0.01980888781577919, 1074.0, 3334.4885715274695, 2.66994972691039,1.3959450526255266, 7.014000000000677
-0.058883330824523065, 1075.0, 3337.1585837427665, 2.67007468002666,1.3960907670156202, 7.014000000000677
-0.03644577047215109, 1076.0, 3339.8287208402526, 2.67019949133299,1.3959014733086843, 7.013000000000677
-0.013972414490149668, 1077.0, 3342.4989826782517, 2.67032416109743,1.395711988443054, 7.012000000000676
-0.05299846410230581, 1078.0, 3345.169369115356, 2.67044868958730,1.3958568778754064, 7.012000000000676
-0.030474471731559465, 1079.0, 3347.8398800104237, 2.67057307706921,1.3956669447299015, 7.011000000000676
-0.007914664795448268, 1080.0, 3350.5105152225806, 2.67069732380907,1.3954768222006049, 7.010000000000676
-0.04689217876905833, 1081.0, 3353.1812746112164, 2.67082143007211,1.3956208924344022, 7.010000000000676
-0.024281689220075002, 1082.0, 3355.852158035987, 2.67094539612282,1.3954303252748528, 7.009000000000675
-0.001635367326340986, 1083.0, 3358.5231653568126, 2.67106922222503,1.3952395704902294, 7.008000000000675
-0.0405642081675093, 1084.0, 3361.194296433875, 2.67119290864185,1.3953828272359154, 7.008000000000675
-0.017867159392802978, 1085.0, 3363.865551127622, 2.67131645563572,1.3951916314383106, 7.007000000000675
-0.056762104188875624, 1086.0, 3366.53692929876, 2.67143986346838,1.3953343330714962, 7.007000000000675
-0.03401429610065358, 1087.0, 3369.2084308082585, 2.67156313240087,1.3951426986794666, 7.006000000000674
-0.011230629463861415, 1088.0, 3371.8800555173484, 2.67168626269357,1.3949508795729084, 7.005000000000674
-0.05007666409309597, 1089.0, 3374.551803287519, 2.67180925460616,1.395092777159251, 7.005000000000674
-0.027242197993495247, 1090.0, 3377.2236739805203, 2.67193210839763,1.3949005230230236, 7.004000000000674
-0.00437185747689115, 1091.0, 3379.8956674583596, 2.67205482432633,1.3947080858889975, 7.003000000000673
-0.0431688567408714, 1092.0, 3382.5677835833044, 2.67217740264989,1.3948491850126232, 7.003000000000673
-0.020247678893467472, 1093.0, 3385.240022217877, 2.67229984362530,1.3946563163830705, 7.002000000000673
-0.05901049853896973, 1094.0, 3387.912383224858, 2.67242214750885,1.394796870418304, 7.002000000000673
-0.036038455322553016, 1095.0, 3390.5848664672826, 2.67254431455619,1.3946035726563661, 7.001000000000673
-0.01303051539644735, 1096.0, 3393.257471808443, 2.67266634502228,1.3944100947380722, 7.000000000000672
-0.05174408284347443, 1097.0, 3395.930199111885, 2.67278823916142,1.394549859543726, 7.000000000000672
-0.028685242962687735, 1098.0, 3398.603048241408, 2.67290999722726,1.3943559559754901, 6.999000000000672
-0.005590493330445482, 1099.0, 3401.276019061066, 2.67303161947278,1.3941618739271628, 6.998000000000672
-0.04425469518149523, 1100.0, 3403.9491114351645, 2.67315310615031,1.3943008549648521, 6.998000000000672
-0.021109013463083783, 1101.0, 3406.622325228261, 2.67327445751150,1.3941063507192635, 6.997000000000671
-0.05973877465986959, 1102.0, 3409.2956603051657, 2.67339567380738,1.394244796474153, 6.997000000000671
-0.036542136391631966, 1103.0, 3411.9691165309378, 2.67351675528830,1.3940498723402497, 6.996000000000671
-0.01330956959944788, 1104.0, 3414.6426937708875, 2.67363770220399,1.3938547725003863, 6.995000000000671
-0.05188976844383597, 1105.0, 3417.3163918905734, 2.67375851480350,1.393992443518042, 6.995000000000671
-0.028606216458110772, 1106.0, 3419.990210755805, 2.67387919333526,1.3937969271926902, 6.99400000000067
-0.005286725434419751, 1107.0, 3422.6641502326374, 2.67399973804705,1.3936012367981974, 6.99300000000067
-0.043817258837110566, 1108.0, 3425.338210187375, 2.67412014918600,1.39373813841991, 6.99300000000067
-0.02044675523986618, 1109.0, 3428.0123904865673, 2.67424042699862,1.3935420349128607, 6.99200000000067
-0.058942608888403254, 1110.0, 3430.6866909970117, 2.67436057173077,1.3936784108445397, 6.99200000000067
-0.03552107285321972, 1111.0, 3433.36111158575, 2.67448058362767,1.3934818964816367, 6.991000000000669
-0.012063582216206958, 1112.0, 3436.03565212007, 2.67460046293393,1.3932852107584053, 6.990000000000669
-0.05050959285786269, 1113.0, 3438.7103124675027, 2.67472020989351,1.3934208261278975, 6.990000000000669
-0.027001046085739742, 1114.0, 3441.385092495823, 2.67483982474974,1.3932237328736374, 6.989000000000669
-0.0034565362081466783, 1115.0, 3444.0599920730488, 2.67495930774535,1.393026469857099, 6.988000000000668
-0.04185261189037539, 1116.0, 3446.7350110674406, 2.67507865912242,1.3931613298890169, 6.988000000000668
-0.01825702383079352, 1117.0, 3449.410149347501, 2.67519787912242,1.3929636626372808, 6.987000000000668
-0.05661820060042311, 1118.0, 3452.0854067819737, 2.67531696798619,1.3930980063640663, 6.987000000000668
-0.03297151764378256, 1119.0, 3454.7607832398417, 2.67543592595396,1.3928999370825461, 6.986000000000668
-0.009288859861617826, 1120.0, 3457.4362785903295, 2.67555475326536,1.392701700684186, 6.985000000000667
-0.04759994150867946, 1121.0, 3460.1118927028997, 2.67567345015937,1.392835297714846, 6.985000000000667
-0.02386617021002662, 1122.0, 3462.787625447255, 2.67579201687439,1.3926366625356439, 6.984000000000667
-9.641698253522873e-05, 1123.0, 3465.463476693335, 2.67591045364820,1.3924378617998345, 6.983000000000667
-0.03835732239445477, 1124.0, 3468.1394463113165, 2.67602876071797,1.392570717245251, 6.983000000000667
-0.014536438797680663, 1125.0, 3470.815534171615, 2.67614693832026,1.3923715209493919, 6.982000000000666
-0.052762245480409344, 1126.0, 3473.49174014488, 2.67626498669104,1.3925038692722407, 6.982000000000666
-0.028890217876458096, 1127.0, 3476.1680641019984, 2.67638290606567,1.3923042795717888, 6.981000000000666
-0.004982200130933305, 1128.0, 3478.8445059140913, 2.67650069667891,1.3921045268984087, 6.980000000000666
-0.04315768730537761, 1129.0, 3481.5210654525135, 2.67661835876491,1.3922361420901042, 6.980000000000666
-0.01919851181053636, 1130.0, 3484.1977425888563, 2.67673589255726,1.3920359991872062, 6.979000000000665
-0.057338781350076945, 1131.0, 3486.8745371949417, 2.67685329828892,1.3921671129024376, 6.979000000000665
-0.033328436584209496, 1132.0, 3489.551449142825, 2.67697057619228,1.3919665818952605, 6.978000000000665
-0.009282095340063743, 1133.0, 3492.2284783047935, 2.67708772649912,1.3917658904610497, 6.977000000000665
-0.04737191240519049, 1134.0, 3494.905624553368, 2.67720474944066,1.3918962793845626, 6.977000000000665
-0.023274390696703676, 1135.0, 3497.5828877612967, 2.67732164524750,1.391695202975324, 6.976000000000664
-0.06132887881886905, 1136.0, 3500.2602678015614, 2.67743841414969,1.3918250959925687, 6.976000000000664
-0.03718016741477591, 1137.0, 3502.9377645473714, 2.67755505637667,1.3916236367039199, 6.975000000000664
-0.012995454641670524, 1138.0, 3505.615377872166, 2.67767157215731,1.3914220194966354, 6.974000000000664
-0.05099936722728397, 1139.0, 3508.2931076496134, 2.67778796171991,1.391551195948716, 6.974000000000664
-0.026763456664046732, 1140.0, 3510.970953753609, 2.67790422529219,1.3913491989471187, 6.973000000000663
-0.0024915417195175028, 1141.0, 3513.6489160582764, 2.67802036310128,1.3911470455062283, 6.972000000000663
-0.04044481937486531, 1142.0, 3516.3269944379663, 2.67813637537376,1.3912755102583698, 6.972000000000663
-0.016121699425015873, 1143.0, 3519.005188767254, 2.67825226233561,1.3910729800815886, 6.971000000000663
-0.05403948989356468, 1144.0, 3521.683498920942, 2.67836802421228,1.3912009576733364, 6.971000000000663
-0.029665158699401326, 1145.0, 3524.361924774058, 2.67848366122861,1.390998052809044, 6.970000000000662
-0.00525482163410732, 1146.0, 3527.040466201854, 2.67859917360891,1.3907949939558542, 6.969000000000662
-0.04312186972557741, 1147.0, 3529.7191230798053, 2.67871456157690,1.3909222678973867, 6.969000000000662
-0.018660317038660924, 1148.0, 3532.3978952836114, 2.67882982535576,1.3907188373720618, 6.968000000000662
-0.05649178394146826, 1149.0, 3535.0767826891947, 2.67894496516809,1.3908456295318854, 6.968000000000662
-0.03197901152805028, 1150.0, 3537.7557851726997, 2.67905998123595,1.3906418293541964, 6.967000000000661
-0.007430232828369554, 1151.0, 3540.4349026104924, 2.67917487378083,1.3904378776021848, 6.966000000000661
-0.0452108595218689, 1152.0, 3543.1141348791607, 2.67928964302368,1.390563974053384, 6.966000000000661
-0.020610858935271613, 1153.0, 3545.7934818555127, 2.67940428918487,1.3903596556212094, 6.965000000000661
-0.05835581709538659, 1154.0, 3548.4729434165765, 2.67951881248425,1.3904852755972996, 6.965000000000661
-0.03370459249771392, 1155.0, 3551.1525194396, 2.67963321314110,1.3902805924767558, 6.96400000000066
-0.009017363204053127, 1156.0, 3553.832209802051, 2.67974749137416,1.3900757601615152, 6.96300000000066
-0.0467110956307047, 1157.0, 3556.512014381613, 2.67986164740163,1.3902006912797396, 6.96300000000066
-0.021972642887637818, 1158.0, 3559.1919330561914, 2.67997568144115,1.3899954972083115, 6.96200000000066
-0.05963092237717989, 1159.0, 3561.8719657039055, 2.68008959370983,1.3901199580741535, 6.96200000000066
-0.03484124505667903, 1160.0, 3564.5521122030927, 2.68020338442425,1.3899144042085632, 6.961000000000659
-0.010015565949461647, 1161.0, 3567.232372432308, 2.68031705380042,1.3897087034933202, 6.960000000000659
-0.04762283677214043, 1162.0, 3569.912746270319, 2.68043060205384,1.3898324842156986, 6.960000000000659
-0.022745936210612234, 1163.0, 3572.5932335961124, 2.68054402939946,1.3896264265957075, 6.959000000000659
-0.060317382648277316, 1164.0, 3575.2738342888874, 2.68065733605171,1.3897497412465871, 6.959000000000659
-0.03538926146131374, 1165.0, 3577.9545482280564, 2.68077052222448,1.3895433286579786, 6.958000000000658
-0.010425142946521054, 1166.0, 3580.6353752932473, 2.68088358813111,1.3893367715308436, 6.957000000000658
-0.04794550907121979, 1167.0, 3583.316315364301, 2.68099653398446,1.3894594136649752, 6.957000000000658
-0.022930175292153656, 1168.0, 3585.9973683212693, 2.68110935999681,1.3892525044181514, 6.956000000000658
-0.06041464851734155, 1169.0, 3588.678534044418, 2.68122206637995,1.389374685579737, 6.956000000000658
-0.035348101643871775, 1170.0, 3591.3598124142236, 2.68133465334513,1.3891674261224414, 6.955000000000657
-0.01024556338823049, 1171.0, 3594.0412033113726, 2.68144712110309,1.3889600244044455, 6.954000000000657
-0.04767889346545164, 1172.0, 3596.722706616764, 2.68155946986403,1.389081540574516, 6.954000000000657
-0.02252514953070057, 1173.0, 3599.4043222115047, 2.68167169983766,1.3888737914547564, 6.953000000000657
-0.05992252390708176, 1174.0, 3602.0860499769133, 2.68178381123315,1.388994851683756, 6.953000000000657
-0.03471757838518635, 1175.0, 3604.7678897945148, 2.68189580425916,1.388786757045146, 6.952000000000656
-0.009476648799289118, 1176.0, 3607.449841546044, 2.68200767912384,1.3885785223906764, 6.951000000000656
-0.04682282518331259, 1177.0, 3610.131905113444, 2.68211943603483,1.3886989250531578, 6.951000000000656
-0.02153070346678204, 1178.0, 3612.814080378865, 2.68223107519925,1.3884903476492128, 6.950000000000656
-0.05884086693648925, 1179.0, 3615.496367224663, 2.68234259682372,1.388610299335836, 6.950000000000656
-0.033497558441024304, 1180.0, 3618.178765533401, 2.68245400111435,1.3884013810391702, 6.949000000000655
-0.008118274754490128, 1181.0, 3620.861275187849, 2.68256528827675,1.3881923249395103, 6.948000000000655
-0.045377193077838295, 1182.0, 3623.5438960709803, 2.68267645851601,1.3883116263862718, 6.948000000000655
-0.019946734180489784, 1183.0, 3626.2266280659746, 2.68278751203672,1.388102232124541, 6.947000000000655
-0.057169588424669335, 1184.0, 3628.909471056216, 2.68289844904300,1.388221087495667, 6.947000000000655
-0.031687961038489386, 1185.0, 3631.5924249252907, 2.68300926973843,1.388011356902953, 6.946000000000654
-0.00617036837440973, 1186.0, 3634.2754895569897, 2.68311997432611,1.387801490688114, 6.945000000000654
-0.04334193825688757, 1187.0, 3636.958664835308, 2.68323056300866,1.3879197030490682, 6.945000000000654
-0.017773190723845218, 1188.0, 3639.6419506444395, 2.68334103598817,1.3877095031958255, 6.944000000000654
-0.05490865018271397, 1189.0, 3642.3253468687835, 2.68345139346626,1.3878272743167988, 6.944000000000654
-0.02928875608549305, 1190.0, 3645.0088533929384, 2.68356163564407,1.3876167426309405, 6.943000000000653
-0.003632907712093205, 1191.0, 3647.692470101705, 2.68367176272221,1.3874060774725907, 6.942000000000653
-0.04071705106510037, 1192.0, 3650.376196880083, 2.68378177490084,1.3875232127175852, 6.942000000000653
-0.015010071503902348, 1193.0, 3653.0600336132734, 2.68389167237962,1.3873122183818152, 6.941000000000653
-0.05205806359260307, 1194.0, 3655.743980186676, 2.68400145535772,1.3874289171595988, 6.941000000000653
-0.026299962669370704, 1195.0, 3658.4280364858882, 2.68411112403383,1.3872175954274695, 6.940000000000652
-0.0005059195076674468, 1196.0, 3661.1122023967087, 2.68422067860616,1.3870061423416375, 6.939000000000652
-0.03750257068896219, 1197.0, 3663.796477805132, 2.68433011927243,1.3871222122835345, 6.939000000000652
-0.011657423331867362, 1198.0, 3666.4808625973506, 2.68443944622990,1.3869104344195404, 6.938000000000652
-0.048617887567550526, 1199.0, 3669.1653566597543, 2.68454865967532,1.3870260726047117, 6.938000000000652
-0.022721646726548642, 1200.0, 3671.8499598789294, 2.68465775980500,1.3868139717189936, 6.937000000000651
-0.059645906067711134, 1201.0, 3674.5346721416577, 2.68476674681475,1.3869291800258967, 6.937000000000651
-0.03369858325610391, 1202.0, 3677.2194933349174, 2.68487562089992,1.3867167578652746, 6.936000000000651
-0.007715339105697994, 1203.0, 3679.9044233458812, 2.68498438225538,1.3865042072746667, 6.935000000000651
-0.04458822728855748, 1204.0, 3682.5894620619165, 2.68509303107553,1.38661879646397, 6.935000000000651
-0.018553921051081144, 1205.0, 3685.274609370585, 2.68520156755431,1.3864059271659976, 6.93400000000065
-0.055390575282339496, 1206.0, 3687.9598651596425, 2.68530999188518,1.3865200911017839, 6.93400000000065
-0.029305219529741692, 1207.0, 3690.645229317037, 2.68541830426113,1.3863069048193928, 6.93300000000065
-0.0031839572992962296, 1208.0, 3693.3307017309103, 2.68552650487472,1.3860935921540716, 6.93200000000065
-0.039969232502887565, 1209.0, 3696.0162822895963, 2.68563459391800,1.3862071437927896, 6.93200000000065
-0.013796942152103567, 1210.0, 3698.70197088162, 2.68574257158258,1.3859935166750939, 6.931000000000649
-0.050545959430180136, 1211.0, 3701.387767395699, 2.68585043805963,1.386106647625192, 6.931000000000649
-0.024322654657544372, 1212.0, 3704.0736717207405, 2.68595819353982,1.385892707754381, 6.930000000000649
-0.06103540097268859, 1213.0, 3706.759683745843, 2.68606583821339,1.386005419836766, 6.930000000000649
-0.03476109632685295, 1214.0, 3709.445803360295, 2.68617337227012,1.3857911689029014, 6.929000000000649
-0.008450909785983866, 1215.0, 3712.132030453574, 2.68628079589932,1.3855767944112327, 6.928000000000648
-0.04511256688003864, 1216.0, 3714.8183649153475, 2.68638810928988,1.385688904524009, 6.928000000000648
-0.0187514040080644, 1217.0, 3717.5048066354707, 2.68649531263019,1.3854742214516471, 6.927000000000648
-0.055376475122400785, 1218.0, 3720.1913555039873, 2.68660240610824,1.3855859162666824, 6.927000000000648
-0.028964351429167798, 1219.0, 3722.8780114111287, 2.68670938991154,1.3853709262814602, 6.926000000000648
-0.002516362936592527, 1220.0, 3725.5647742473143, 2.68681626422715,1.385155814716318, 6.925000000000647
-0.03909005495512859, 1221.0, 3728.2516439031497, 2.68692302924171,1.3852669132591142, 6.925000000000647
-0.012591130827341429, 1222.0, 3730.938620269426, 2.68702968514138,1.3850514972302062, 6.924000000000647
-0.049128521025784494, 1223.0, 3733.6257032371223, 2.68713623211190,1.3851621858121688, 6.924000000000647
-0.022578677905774936, 1224.0, 3736.312892697402, 2.68724267033857,1.3849464669637195, 6.923000000000647
-0.05907975753433034, 1225.0, 3739.000188541613, 2.68734900000623,1.3850567473501014, 6.923000000000647
-0.03247901264980913, 1226.0, 3741.6875906612895, 2.68745522129931,1.3848407273175962, 6.922000000000646
-0.0058424301066951154, 1227.0, 3744.375098948148, 2.68756133440175,1.3846245884350152, 6.921000000000646
-0.04229214430924101, 1228.0, 3747.062713294091, 2.68766733949712,1.3847342816742525, 6.921000000000646
-0.01560468722762634, 1229.0, 3749.7504335912013, 2.68777323676850,1.3845178440097352, 6.920000000000646
-0.052018083895033436, 1230.0, 3752.438259731747, 2.68787902639857,1.3846271333985525, 6.920000000000646
-0.025279770126698492, 1231.0, 3755.1261916081785, 2.68798470856955,1.3844103985650749, 6.919000000000645
-0.0616568432233055, 1232.0, 3757.814229113127, 2.68809028346324,1.38451928583732, 6.919000000000645
-0.03486769135646224, 1233.0, 3760.5023721394064, 2.68819575126103,1.3843022554392257, 6.918000000000645
-0.008042731371298599, 1234.0, 3763.190620580011, 2.68830111214385,1.3840851088675281, 6.917000000000645
-0.044368464278884155, 1235.0, 3765.878974328116, 2.68840636629221,1.3841934179526658, 6.917000000000645
-0.017492695275997085, 1236.0, 3768.5674332770773, 2.68851151388621,1.3839759781724934, 6.916000000000644
-0.05378210332812107, 1237.0, 3771.25599732043, 2.68861655510551,1.3840838894082823, 6.916000000000644
-0.026855545093693124, 1238.0, 3773.94466635189, 2.68872149012934,1.383866158002359, 6.915000000000644
-0.06310862416946122, 1239.0, 3776.63344026535, 2.68882631913653,1.383973673091629, 6.915000000000644
-0.036131296502381956, 1240.0, 3779.3223189548835, 2.68893104230546,1.38375565163394, 6.914000000000644
-0.009118191271831852, 1241.0, 3782.011302314741, 2.68903565981412,1.3835375166262385, 6.913000000000643
-0.045319966998598395, 1242.0, 3784.700390239351, 2.68914017184006,1.383644462327064, 6.913000000000643
-0.018256123332522398, 1243.0, 3787.3895826233193, 2.68924457856042,1.3834260395788167, 6.912000000000643
-0.054421574890440506, 1244.0, 3790.078879361429, 2.68934888015193,1.3835325933243479, 6.912000000000643
-0.027307013631292034, 1245.0, 3792.7682803486387, 2.68945307679089,1.3833138843883144, 6.911000000000643
-0.00015669634516658586, 1246.0, 3795.457785480085, 2.68955716865320,1.3830950637393618, 6.910000000000642
-0.036270881830414596, 1247.0, 3798.1473946510782, 2.68966115591433,1.3832010542718713, 6.910000000000642
-0.009069879097044044, 1248.0, 3800.837107757105, 2.68976503874937,1.3829819497148035, 6.909000000000642
-0.04514774858534859, 1249.0, 3803.5269246938265, 2.68986881733296,1.3830875524296549, 6.909000000000642
-0.01789608230806248, 1250.0, 3806.2168453570785, 2.68997249183937,1.3828681654964305, 6.908000000000642
-0.05393763574441747, 1251.0, 3808.906869642871, 2.69007606244244,1.3829733820451857, 6.908000000000642
-0.02663532815881135, 1252.0, 3811.596997447387, 2.69017952931561,1.3827537142594253, 6.907000000000641
-0.06264056651689076, 1253.0, 3814.287228666983, 2.69028289263190,1.3828585462854253, 6.907000000000641
-0.03528763970183616, 1254.0, 3816.9775631981893, 2.69038615256396,1.3826385991622847, 6.906000000000641
-0.007899001599074888, 1255.0, 3819.668000937707, 2.69048930928400,1.3824185435836964, 6.905000000000641
-0.04385304140178333, 1256.0, 3822.3585417824106, 2.69059236296386,1.3825228233471505, 6.905000000000641
-0.016413818574699875, 1257.0, 3825.049185629345, 2.69069531377496,1.3823024906554868, 6.90400000000064
-0.052331558019863264, 1258.0, 3827.7399323757277, 2.69079816188832,1.3824063899394858, 6.90400000000064
-0.024841774229226864, 1259.0, 3830.430781918946, 2.69090090747458,1.382185781629934, 6.90300000000064
-0.060723216022767514, 1260.0, 3833.121734156558, 2.69100355070396,1.3822893020487428, 6.90300000000064
-0.033182894766399365, 1261.0, 3835.8127889862917, 2.69110609174630,1.382068419608182, 6.90200000000064
-0.0056068966480334725, 1262.0, 3838.503946306045, 2.69120853077105,1.3818474311848405, 6.901000000000639
-0.04143720778810465, 1263.0, 3841.195206013884, 2.69131086794725,1.381950407675335, 6.901000000000639
-0.013810708239624936, 1264.0, 3843.8865680080457, 2.69141310344356,1.3817291473031832, 6.900000000000639
-0.049604741624568315, 1265.0, 3846.5780321869343, 2.69151523742826,1.3818317489003138, 6.900000000000639
-0.021927765175483237, 1266.0, 3849.269598449121, 2.69161727006920,1.381610218046421, 6.899000000000639
-0.05768552554932232, 1267.0, 3851.961266693347, 2.69171920153389,1.3817124463361472, 6.899000000000639
-0.029958097108370947, 1268.0, 3854.6530368185195, 2.69182103198943,1.3814906464597008, 6.898000000000638
-0.0021950276111506652, 1269.0, 3857.344908723712, 2.69192276160252,1.3812687430251651, 6.897000000000638
-0.03790173454050182, 1270.0, 3860.0368823081653, 2.69202439053951,1.3813704355722687, 6.897000000000638
-0.010088250331841372, 1271.0, 3862.7289574712877, 2.69212591896633,1.381148265256097, 6.896000000000638
-0.045758709219197134, 1272.0, 3865.42113411265, 2.69222734704855,1.3812495883977483, 6.896000000000638
-0.01789483571244183, 1273.0, 3868.1134121319915, 2.69232867495135,1.3810271526395796, 6.895000000000637
-0.05352905313743889, 1274.0, 3870.8057914292144, 2.69242990283954,1.3811281079338495, 6.895000000000637
-0.02561481654071563, 1275.0, 3873.498271904387, 2.69253103087754,1.3809054081658307, 6.894000000000637
-0.061212799801431024, 1276.0, 3876.190853457741, 2.69263205922938,1.381005997163041, 6.894000000000637
-0.0332482261735473, 1277.0, 3878.8835359896716, 2.69273298805875,1.3807830348094026, 6.893000000000637
-0.005248061238979768, 1278.0, 3881.5763194007386, 2.69283381752892,1.3805599719517365, 6.892000000000636
-0.040795099197432884, 1279.0, 3884.2692035916643, 2.69293454780282,1.3806600355296264, 6.892000000000636
-0.012744636385613968, 1280.0, 3886.962188463333, 2.69303517904298,1.3804367121755954, 6.891000000000636
-0.048255470730907316, 1281.0, 3889.655273916793, 2.69313571141158,1.3805364132702977, 6.891000000000636
-0.020154737097474, 1282.0, 3892.348459853253, 2.69323614507042,1.3803128308253985, 6.890000000000636
-0.05562937692503887, 1283.0, 3895.0417461740844, 2.69333648018093,1.3804121709601977, 6.890000000000636
-0.027478399431196402, 1284.0, 3897.735132780819, 2.69343671690416,1.3801883308221485, 6.889000000000635
-0.06291685474289883, 1285.0, 3900.42861957515, 2.69353685540080,1.380287311512827, 6.889000000000635
-0.034715661013176795, 1286.0, 3903.122206458932, 2.69363689583118,1.3800632150721475, 6.888000000000635
-0.006478927152542155, 1287.0, 3905.8158933341774, 2.69373683835525,1.3798390211056653, 6.887000000000635
-0.04186655989845083, 1288.0, 3908.5096801030604, 2.69383668313260,1.3799374864664307, 6.887000000000635
-0.013579650324228091, 1289.0, 3911.2035666679135, 2.69393643032248,1.3797130382361842, 6.886000000000634
-0.04893113442291161, 1290.0, 3913.8975529312293, 2.69403608008373,1.379811147880963, 6.886000000000634
-0.020594077676046273, 1291.0, 3916.5916387956577, 2.69413563257486,1.3795864467591012, 6.885000000000634
-0.05590942469779642, 1292.0, 3919.285824164008, 2.69423508795402,1.3796842021773086, 6.885000000000634
-0.02752224894938334, 1293.0, 3921.9801089392477, 2.69433444637898,1.3794592495284077, 6.884000000000634
-0.06280147071099176, 1294.0, 3924.6744930245004, 2.69443370800718,1.3795566522018876, 6.884000000000634
-0.03436420494200767, 1295.0, 3927.3689763230486, 2.69453287299568,1.3793314493835047, 6.883000000000633
-0.005891451505311613, 1296.0, 3930.063558738331, 2.69463194150118,1.379106151943942, 6.882000000000633
-0.041119987042530275, 1297.0, 3932.758240173942, 2.69473091368005,1.3792030491490812, 6.882000000000633
-0.01259718549595979, 1298.0, 3935.453020533634, 2.69482978968828,1.3789775035299743, 6.881000000000633
-0.04778963708476379, 1299.0, 3938.1478997213135, 2.69492856968153,1.3790740516352198, 6.881000000000633
-0.019216817021669483, 1300.0, 3940.8428776410437, 2.69502725381507,1.3788482591761984, 6.880000000000632
-0.05437319860903116, 1301.0, 3943.5379541970424, 2.69512584224386,1.37894445963797, 6.880000000000632
-0.025750389283600406, 1302.0, 3946.2331292936815, 2.69522433512249,1.3787184216713084, 6.879000000000632
-0.060870714667962664, 1303.0, 3948.9284028354887, 2.69532273260521,1.3788142759384951, 6.879000000000632
-0.03219794609150458, 1304.0, 3951.6237747271443, 2.69542103484589,1.378587993789608, 6.878000000000632
-0.0034897437952254168, 1305.0, 3954.3192448734844, 2.69551924199811,1.3783616198525896, 6.877000000000631
-0.03855953211817647, 1306.0, 3957.014813179496, 2.69561735421504,1.378456978291279, 6.877000000000631
-0.00980141408098967, 1307.0, 3959.71047955032, 2.69571537164956,1.3782303621144951, 6.876000000000631
-0.04483519263604169, 1308.0, 3962.4062438912515, 2.69581329445416,1.3783253779222981, 6.876000000000631
-0.0160271891733492, 1309.0, 3965.102106107736, 2.69591112278103,1.3780985208136511, 6.875000000000631
-0.05102497386826366, 1310.0, 3967.7980661053716, 2.69600885678197,1.378193195414749, 6.875000000000631
-0.022167115467887105, 1311.0, 3970.4941237899084, 2.69610649660849,1.3779660986751325, 6.87400000000063
-0.05712892221536219, 1312.0, 3973.1902790672475, 2.69620404241172,1.3780604334864288, 6.87400000000063
-0.028221239693925128, 1313.0, 3975.886531843441, 2.69630149434246,1.3778330984099374, 6.87300000000063
-0.063147085198367, 1314.0, 3978.5828820246916, 2.69639885255119,1.3779270948415083, 6.87300000000063
-0.03418960977117663, 1315.0, 3981.279329517353, 2.69649611718803,1.3776995227155122, 6.87200000000063
-0.005196769619921297, 1316.0, 3983.975874227927, 2.69659328840277,1.3774718621738617, 6.871000000000629
-0.04007227371241427, 1317.0, 3986.6725160630676, 2.69669036634487,1.3775653742752267, 6.871000000000629
-0.011029685459923088, 1318.0, 3989.3692549295756, 2.69678735116345,1.3773374785700019, 6.870000000000629
-0.04586928053261719, 1319.0, 3992.0660907344027, 2.69688424300730,1.3774306557589504, 6.870000000000629
-0.016776975870185607, 1320.0, 3994.763023384648, 2.69698104202488,1.3772025261606418, 6.869000000000629
-0.05158067980663909, 1321.0, 3997.4600527875596, 2.69707774836431,1.3772953698229693, 6.869000000000629
-0.022438690435410445, 1322.0, 4000.1571788505335, 2.69717436217338,1.3770670075951923, 6.868000000000628
-0.05720652177778173, 1323.0, 4002.8544014811123, 2.69727088359956,1.3771595191099075, 6.868000000000628
-0.02801487970629411, 1324.0, 4005.5517205869874, 2.69736731278998,1.3769309255097726, 6.867000000000628
-0.06274685729419721, 1325.0, 4008.249136075996, 2.69746364989145,1.3770231062490998, 6.867000000000628
-0.03350559463468076, 1326.0, 4010.9466478561226, 2.69755989505045,1.3767942825269905, 6.866000000000628
-0.004229037484481293, 1327.0, 4013.644255835498, 2.69765604841313,1.3765653736610575, 6.865000000000627
-0.03891088675776465, 1328.0, 4016.341959922399, 2.69775211012533,1.376657081256122, 6.865000000000627
-0.009584755637197132, 1329.0, 4019.0397600252472, 2.69784808033254,1.3764279440998164, 6.864000000000627
-0.044230808755352964, 1330.0, 4021.737656052611, 2.69794395917996,1.3765193242934375, 6.864000000000627
-0.014855136192585045, 1331.0, 4024.435647913202, 2.69803974681243,1.3762899600808256, 6.863000000000627
-0.049465413105461854, 1332.0, 4027.1337355158785, 2.69813544337450,1.3763810142216744, 6.863000000000627
-0.02004023161497446, 1333.0, 4029.8319187696425, 2.69823104901039,1.3761514241802635, 6.862000000000626
-0.05461475332052254, 1334.0, 4032.5301975836387, 2.69832656386399,1.3762421536106693, 6.862000000000626
-0.0251400959300641, 1335.0, 4035.2285718671574, 2.69842198807888,1.3760123389616832, 6.861000000000626
-0.05967888360159336, 1336.0, 4037.9270415296314, 2.69851732179833,1.3761027450173173, 6.861000000000626
-0.030154783623337653, 1337.0, 4040.6256064806366, 2.69861256516528,1.375872706975652, 6.860000000000626
-0.0005954606078215283, 1338.0, 4043.324266629892, 2.69870771832235,1.3756425869646904, 6.859000000000625
-0.03508434896344632, 1339.0, 4046.0230218872584, 2.69880278141187,1.3757325307594104, 6.859000000000625
-0.005475631032874904, 1340.0, 4048.7218721627405, 2.69889775457583,1.3755021891344867, 6.858000000000625
-0.039928847773381744, 1341.0, 4051.4208173664824, 2.69899263795593,1.3755918128378717, 6.858000000000625
-0.01027076838517528, 1342.0, 4054.1198574087716, 2.69908743169352,1.375361250797955, 6.857000000000625
-0.044688335677335676, 1343.0, 4056.8189922000356, 2.69918213592969,1.3754505557228478, 6.857000000000625
-0.014980928463308882, 1344.0, 4059.5182216508438, 2.69927675080517,1.3752197744605663, 6.856000000000624
-0.04936286915574346, 1345.0, 4062.217545671906, 2.69937127646042,1.3753087619135091, 6.856000000000624
-0.01960616807211607, 1346.0, 4064.9169641740714, 2.69946571303556,1.3750777626154576, 6.855000000000624
-0.053952505288124786, 1347.0, 4067.6164770683304, 2.69956006067042,1.3751664338966991, 6.855000000000624
-0.024146544439427826, 1348.0, 4070.316084265812, 2.69965431950453,1.3749352177432295, 6.854000000000624
-0.05845730145958457, 1349.0, 4073.0157856777855, 2.69974848967709,1.3750235741464958, 6.854000000000624
-0.028602114841199087, 1350.0, 4075.715581215659, 2.69984257132701,1.3747921423116614, 6.853000000000623
-0.06287731578859217, 1351.0, 4078.415470790978, 2.69993656459289,1.3748801851246106, 6.853000000000623
-0.03297293808953534, 1352.0, 4081.115454315429, 2.70003046961304,1.3746485387766108, 6.852000000000623
-0.0030334390559741565, 1353.0, 4083.815531700835, 2.70012428652544,1.3744168146439217, 6.851000000000623
-0.037259072166092456, 1354.0, 4086.5157028591566, 2.70021801546781,1.3745044095809482, 6.851000000000623
-0.007270431104094357, 1355.0, 4089.215967702493, 2.70031165657751,1.3742724726445907, 6.850000000000622
-0.041460576798095596, 1356.0, 4091.91632614308, 2.70040520999166,1.374359757155909, 6.850000000000622
-0.011422828260976629, 1357.0, 4094.61677809329, 2.70049867584704,1.3741276085687146, 6.849000000000622
-0.04557751156468768, 1358.0, 4097.317323465633, 2.70059205428015,1.374214583920173, 6.849000000000622
-0.01549069026558968, 1359.0, 4100.017962172755, 2.70068534542719,1.3739822248289892, 6.848000000000622
-0.04960993645084982, 1360.0, 4102.718694127438, 2.70077854942406,1.3740688922802573, 6.848000000000622
-0.01947407746827453, 1361.0, 4105.419519242599, 2.70087166640636,1.37383632382617, 6.847000000000621
-0.05355791223961596, 1362.0, 4108.12043743129, 2.70096469650940,1.3739226846307622, 6.847000000000621
-0.023373050723470793, 1363.0, 4110.821448606703, 2.70105763986819,1.373689907948818, 6.846000000000621
-0.05742149999232369, 1364.0, 4113.522552682157, 2.70115049661747,1.3737759633541493, 6.846000000000621
-0.027187671357522276, 1365.0, 4116.223749571112, 2.70124326689165,1.3735429795735137, 6.845000000000621
-0.061200761451447996, 1366.0, 4118.92503918716, 2.70133595082487,1.3736287308211166, 6.845000000000621
-0.03091800082201453, 1367.0, 4121.626421444026, 2.70142854855099,1.3733955410650576, 6.84400000000062
-0.0006002221570046325, 1368.0, 4124.3278962555705, 2.70152106020354,1.3731622775418388, 6.84300000000062
-0.03456410156279805, 1369.0, 4127.029463535787, 2.70161348591581,1.3732475947765457, 6.84300000000062
-0.004197441258767563, 1370.0, 4129.7311231988, 2.70170582582077,1.373014126921215, 6.84200000000062
-0.038126035987099564, 1371.0, 4132.43287515887, 2.70179808005110,1.3730991430491075, 6.84200000000062
-0.007710529828004305, 1372.0, 4135.134719330388, 2.70189024873921,1.3728654719706015, 6.841000000000619
-0.04160386734916582, 1373.0, 4137.836655627878, 2.70198233201722,1.372950188212339, 6.841000000000619
-0.011139550965828858, 1374.0, 4140.538683965997, 2.70207433001695,1.372716315013734, 6.840000000000619
-0.044997658984381114, 1375.0, 4143.24080425953, 2.70216624286995,1.3728007325841032, 6.840000000000619
-0.014484568502016053, 1376.0, 4145.943016423398, 2.70225807070749,1.3725666583629168, 6.839000000000619
-0.04830747499762293, 1377.0, 4148.6453203726505, 2.70234981366054,1.372650778470843, 6.839000000000619
-0.01774564634155379, 1378.0, 4151.3477160224675, 2.70244147185979,1.3724165043188021, 6.838000000000618
-0.05153337945010073, 1379.0, 4154.050203288162, 2.70253304543567,1.3725003281672976, 6.838000000000618
-0.020922848580386816, 1380.0, 4156.752782085175, 2.70262453451830,1.3722658551703952, 6.837000000000618
-0.05467543727305826, 1381.0, 4159.455452329077, 2.70271593923755,1.372349383956853, 6.837000000000618
-0.024016240769577212, 1382.0, 4162.158213935571, 2.70280725972298,1.3721147131957872, 6.836000000000618
-0.05773371352554572, 1383.0, 4164.861066820488, 2.70289849610389,1.3721979481117237, 6.836000000000618
-0.027025887719707153, 1384.0, 4167.564010899788, 2.70298964850931,1.371963080661492, 6.835000000000617
-0.06070827373345586, 1385.0, 4170.267046089559, 2.70308071706796,1.372046022892743, 6.835000000000617
-0.029951855023409423, 1386.0, 4172.970172306018, 2.70317170190833,1.37181095982273, 6.834000000000617
-0.06359918403062785, 1387.0, 4175.673389465512, 2.70326260315859,1.3718936105496284, 6.834000000000617
-0.03279420899639644, 1388.0, 4178.376697484514, 2.70335342094667,1.3716583529237563, 6.833000000000617
-0.0019543642835507975, 1389.0, 4181.080096279627, 2.70344415540020,1.3714230268951462, 6.832000000000616
-0.03555301583312313, 1390.0, 4183.783585767579, 2.70353480664656,1.371505262197432, 6.832000000000616
-0.004664666457683649, 1391.0, 4186.487165865226, 2.70362537481283,1.3712697431683798, 6.831000000000616
-0.03822834250813045, 1392.0, 4189.1908364895535, 2.70371586002585,1.3713516898657396, 6.831000000000616
-0.007291525152835215, 1393.0, 4191.894597557669, 2.70380626241217,1.3711159788865557, 6.830000000000616
-0.040820256158328024, 1394.0, 4194.598448986811, 2.70389658209808,1.371197638139521, 6.830000000000616
-0.009835007803489946, 1395.0, 4197.302390694341, 2.70398681920958,1.3709617362551045, 6.829000000000615
-0.0433288242679027, 1396.0, 4200.006422597748, 2.70407697387242,1.3710431092186353, 6.829000000000615
-0.01229518175163692, 1397.0, 4202.710544614644, 2.70416704621208,1.3708070174686213, 6.828000000000615
-0.04575411471445222, 1398.0, 4205.414756662773, 2.70425703635377,1.3708881052923518, 6.828000000000615
-0.01467211513294583, 1399.0, 4208.119058659994, 2.70434694442244,1.3706518247110107, 6.827000000000615
-0.048096195694556414, 1400.0, 4210.823450524301, 2.70443677054276,1.370732628538918, 6.827000000000615
-0.016965876351241756, 1401.0, 4213.527932173805, 2.70452651483914,1.3704961601553363, 6.826000000000614
-0.05035513600553112, 1402.0, 4216.232503526746, 2.70461617743574,1.370576681126016, 6.826000000000614
-0.0191765341805118, 1403.0, 4218.937164501484, 2.70470575845644,1.3703400259638878, 6.825000000000614
-0.05253100434077484, 1404.0, 4221.6419150165075, 2.70479525802486,1.3704202652103714, 6.825000000000614
-0.02130415717947015, 1405.0, 4224.346754990424, 2.70488467626436,1.3701834242880833, 6.824000000000614
-0.05462387015147171, 1406.0, 4227.051684341968, 2.70497401329805,1.3702633829383257, 6.824000000000614
-0.0233488152309254, 1407.0, 4229.756702989993, 2.70506326924876,1.370026357269083, 6.823000000000613
-0.05663380288727295, 1408.0, 4232.461810853479, 2.70515244423907,1.3701060364452062, 6.823000000000613
-0.025310577416548553, 1409.0, 4235.167007851525, 2.70524153839129,1.3698688270371042, 6.822000000000613
-0.058560872332753776, 1410.0, 4237.872293903356, 2.70533055182749,1.3699482278563528, 6.822000000000613
-0.027189514279108862, 1411.0, 4240.577668928316, 2.70541948466948,1.3697108357125065, 6.821000000000613
-0.06040514921401989, 1412.0, 4243.283132845871, 2.70550833703879,1.3697899592867369, 6.821000000000613
-0.02898569579405588, 1413.0, 4245.988685575609, 2.70559710905672,1.3695523854047817, 6.820000000000612
-0.06216670353668325, 1414.0, 4248.69432703724, 2.70568580084430,1.3696312328404332, 6.820000000000612
-0.030699192686377528, 1415.0, 4251.400057150595, 2.70577441252230,1.3693934782132091, 6.819000000000612
-0.06384560643040724, 1416.0, 4254.105875835622, 2.70586294421125,1.3694720506115585, 6.819000000000612
-0.032330075881058094, 1417.0, 4256.811783012395, 2.70595139603143,1.3692341162267019, 6.818000000000612
-0.0007798846191508762, 1418.0, 4259.517778601103, 2.70603976810285,1.3689961203735215, 6.817000000000611
-0.033878416524450804, 1419.0, 4262.223862522057, 2.70612806054526,1.369074301523757, 6.817000000000611
-0.0022802582247525866, 1420.0, 4264.93003469569, 2.70621627347820,1.368836127355396, 6.816000000000611
-0.035344286120814326, 1421.0, 4267.63629504255, 2.70630440702091,1.3689140361730052, 6.816000000000611
-0.0036981988036511072, 1422.0, 4270.342643483307, 2.70639246129241,1.3686756846647685, 6.815000000000611
-0.036727756419035106, 1423.0, 4273.049079938751, 2.70648043641147,1.3687533222328712, 6.815000000000611
-0.005033777982570773, 1424.0, 4275.755604329786, 2.70656833249658,1.3685147943550056, 6.81400000000061
-0.038028899544734894, 1425.0, 4278.462216577439, 2.70665614966603,1.3685921617517252, 6.81400000000061
-0.006287068094400647, 1426.0, 4281.168916602852, 2.70674388803783,1.3683534584695898, 6.81300000000061
-0.03924778798513103, 1427.0, 4283.875704327288, 2.70683154772975,1.3684305567679351, 6.81300000000061
-0.007458141409358883, 1428.0, 4286.582579672124, 2.70691912885930,1.3681916790418607, 6.81200000000061
-0.04038449403225786, 1429.0, 4289.289542558858, 2.70700663154378,1.3682685093095792, 6.81200000000061
-0.008547070666787332, 1430.0, 4291.996592909102, 2.70709405590021,1.3680294580950318, 6.811000000000609
-0.04143909077702047, 1431.0, 4294.703730644588, 2.70718140204539,1.3681060213951253, 6.811000000000609
-0.00955392865223081, 1432.0, 4297.410955687162, 2.70726867009586,1.367866797642919, 6.810000000000609
-0.042411651277970946, 1433.0, 4300.118267958787, 2.70735586016791,1.3679430950333435, 6.810000000000609
-0.010478788802984062, 1434.0, 4302.825667381543, 2.70744297237762,1.3677036996894285, 6.809000000000609
-0.04330224898033987, 1435.0, 4305.533153877626, 2.70753000684080,1.367779732223084, 6.809000000000609
-0.01132172427290713, 1436.0, 4308.240727369348, 2.70761696367303,1.3675401662284783, 6.808000000000608
-0.04411095743799164, 1437.0, 4310.9483877791345, 2.70770384298964,1.3676159349533936, 6.808000000000608
-0.012082808943076168, 1438.0, 4313.656135029527, 2.70779064490574,1.367376199244493, 6.807000000000608
-0.04483785073893387, 1439.0, 4316.363969043184, 2.70787736953617,1.3674517052036004, 6.807000000000608
-0.012762116641987477, 1440.0, 4319.071889742876, 2.70796401699557,1.3672118007117717, 6.806000000000608
-0.045483002729027645, 1441.0, 4321.77989705149, 2.70805058739831,1.3672870449433572, 6.806000000000608
-0.013359721583801948, 1442.0, 4324.487990892025, 2.70813708085853,1.3670469725956675, 6.805000000000607
-0.04604648794360347, 1443.0, 4327.1961711875965, 2.70822349749016,1.3671219561330892, 6.805000000000607
-0.013875698175860776, 1444.0, 4329.9044378614335, 2.70830983740685,1.3668817168517984, 6.804000000000607
-0.04652838098965075, 1445.0, 4332.612790836876, 2.70839610072204,1.3669564407235313, 6.804000000000607
-0.01431012114486259, 1446.0, 4335.321230037382, 2.70848228754894,1.366716035426193, 6.803000000000607
-0.046928756690828084, 1447.0, 4338.029755386517, 2.70856839800052,1.366790500655923, 6.803000000000607
-0.014663065260109603, 1448.0, 4340.738366807962, 2.70865443218950,1.3665499302553925, 6.802000000000606
-0.047247689821884896, 1449.0, 4343.447064225512, 2.70874039022840,1.3666241378616855, 6.802000000000606
-0.014934605449793416, 1450.0, 4346.155847563073, 2.70882627222948,1.3663834032663116, 6.801000000000606
-0.047485255989527846, 1451.0, 4348.8647167446625, 2.70891207830477,1.3664573542636107, 6.801000000000606
-0.01512481717056731, 1452.0, 4351.573671694411, 2.70899780856610,1.3662164563771828, 6.800000000000606
-0.047641530441607474, 1453.0, 4354.2827123365605, 2.70908346312502,1.366290151774859, 6.800000000000606
-0.015233775983667338, 1454.0, 4356.991838595464, 2.70916904209290,1.3660490914966654, 6.799000000000605
-0.04771658903840379, 1455.0, 4359.701050395586, 2.70925454558084,1.366122532299371, 6.799000000000605
-0.015261557477614018, 1456.0, 4362.410347661503, 2.70933997369974,1.3658813105241063, 6.798000000000605
-0.047710507611963965, 1457.0, 4365.1197303179, 2.70942532656026,1.3659544977318234, 6.798000000000605
-0.01520823754805187, 1458.0, 4367.8291982895735, 2.70951060427283,1.3657131153493878, 6.797000000000605
-0.04762336199323861, 1459.0, 4370.538751501433, 2.70959580694766,1.3657860499573982, 6.797000000000605
-0.01507389216886204, 1460.0, 4373.248389878493, 2.70968093469473,1.3655445078537505, 6.796000000000604
-0.04745522885147866, 1461.0, 4375.958113345882, 2.70976598762379,1.3656171908530288, 6.796000000000604
-0.01485859799768037, 1462.0, 4378.667921828838, 2.70985096584438,1.3653754899094097, 6.795000000000604
-0.04720618430369339, 1463.0, 4381.377815252705, 2.70993586946581,1.3654479222859408, 6.795000000000604
-0.014562431140540611, 1464.0, 4384.08779354294, 2.71002069859715,1.365206063379229, 6.794000000000604
-0.04687630517777876, 1465.0, 4386.797856625106, 2.71010545334726,1.365278246114653, 6.794000000000604
-0.014185468777606375, 1466.0, 4389.508004424876, 2.71019013382479,1.3650362301172292, 6.793000000000603
-0.046465668288642535, 1467.0, 4392.218236868033, 2.71027474013814,1.3651081641881928, 6.793000000000603
-0.01372778713644115, 1468.0, 4394.928553880467, 2.71035927239551,1.3648659919681994, 6.792000000000603
-0.04597435053959979, 1469.0, 4397.638955388175, 2.71044373070487,1.364937678347491, 6.792000000000603
-0.013189463649601786, 1470.0, 4400.349441317264, 2.71052811517398,1.3646953507687543, 6.7910000000006026
-0.04540242929673124, 1471.0, 4403.060011593946, 2.71061242591036,1.3647667904242984, 6.7910000000006026
-0.012570575374892874, 1472.0, 4405.770666144543, 2.71069666302134,1.3645243083461978, 6.790000000000602
-0.044749981718896124, 1473.0, 4408.481404895482, 2.71078082661399,1.3645955022414389, 6.790000000000602
-0.011871199601052713, 1474.0, 4411.1922277733, 2.71086491679521,1.3643528665189493, 6.789000000000602
-0.04401708543749593, 1475.0, 4413.9031347046375, 2.71094893367165,1.364423815612777, 6.789000000000602
-0.011091414188392048, 1476.0, 4416.614125616244, 2.71103287734976,1.364181027096934, 6.7880000000006016
-0.04320381795080294, 1477.0, 4419.325200434973, 2.71111674793575,1.3642517323439949, 6.7880000000006016
-0.010231296309712128, 1478.0, 4422.036359087787, 2.71120054553564,1.3640087918813912, 6.787000000000601
-0.04231025740261343, 1479.0, 4424.747601501751, 2.71128427025523,1.3640792542320421, 6.787000000000601
-0.009290924181715204, 1480.0, 4427.458927604039, 2.71136792220010,1.3638361626650597, 6.786000000000601
-0.04133648144070166, 1481.0, 4430.170337321928, 2.71145150147561,1.3639063830649774, 6.786000000000601
-0.008270375588749511, 1482.0, 4432.881830582803, 2.71153500818692,1.3636631412316256, 6.7850000000006006
-0.04028256839463763, 1483.0, 4435.593407314149, 2.71161844243897,1.3637331206221304, 6.7850000000006006
-0.007169728774638767, 1484.0, 4438.305067443562, 2.71170180433648,1.3634897293565633, 6.7840000000006
-0.03914859652535835, 1485.0, 4441.016810898738, 2.71178509398398,1.3635594686749213, 6.7840000000006
-0.005989062147073286, 1486.0, 4443.728637607482, 2.71186831148577,1.363315928807071, 6.7830000000006
-0.037934644326102995, 1487.0, 4446.440547497697, 2.71195145694594,1.3633854289861114, 6.7830000000006
-0.004728453900637135, 1488.0, 4449.152540497394, 2.71203453046838,1.3631417413415918, 6.7820000000005995
-0.03664079016232752, 1489.0, 4451.864616534689, 2.71211753215675,1.3632110033097347, 6.7820000000005995
-0.0033879827731970596, 1490.0, 4454.576775537797, 2.71220046211454,1.3629671687100615, 6.781000000000599
-0.03526711280451648, 1491.0, 4457.289017435041, 2.71228332044499,1.3630361933913937, 6.781000000000599
-0.001967727212267071, 1492.0, 4460.001342154846, 2.71236610725116,1.3627922126542358, 6.780000000000599
-0.03381369106261933, 1493.0, 4462.713749625736, 2.71244882263589,1.3628610009689621, 6.780000000000599
-0.00046776630683879536, 1494.0, 4465.426239776345, 2.71253146670180,1.3626168749078522, 6.7790000000005985
-0.032280603930256495, 1495.0, 4468.1388125354015, 2.71261403955134,1.362685427771727, 6.7790000000005985
-0.06407273980490469, 1496.0, 4470.851467831742, 2.71269654128671,1.3627538449636691, 6.7790000000005985
-0.030667930438475963, 1497.0, 4473.564205594304, 2.71277897200995,1.3625094755204625, 6.778000000000598
-0.06242699587826763, 1498.0, 4476.277025752126, 2.71286133182286,1.3625776586515284, 6.778000000000598
-0.02897574990782384, 1499.0, 4478.989928234347, 2.71294362082705,1.3623331459279644, 6.777000000000598
-0.0607017850817795, 1500.0, 4481.7029129702105, 2.71302583912393,1.36240109590358, 6.777000000000598
