{
 "cells": [
  {
   "cell_type": "markdown",
   "metadata": {},
   "source": [
    "**MSc Computational Physics AUTh**<br>\n",
    "**Academic Year: 2024-2025**<br>\n",
    "**Master's Thesis**<br>\n",
    "\n",
    "**Thesis Title:**<br>  \n",
    "# **\"Reconstruction of the EoSs of Exotic Stars using ML and ANNs regression models\"**\n",
    "\n",
    "**Implemented by: Ioannis Stergakis**<br>\n",
    "**AEM: 4439**<br>\n",
    "\n",
    "**Jupyter Notebook: JN3**<br>\n",
    "**Name: \"Assessing_regression_data.ipynb\"**<br>\n",
    "\n",
    "**Description:**<br> \n",
    "**1. Calculating and displaying the linear correlation results of X regression data in a Pretty Table form**<br>\n",
    "**2. Comparing the correlations before and after rowwise shuffling**\n",
    "\n",
    "**Abbrevations**:<br>\n",
    "**ES -> Exotic Star**<br>\n",
    "**NS -> Neutron Star**<br>\n",
    "**QS -> Quark Star**<br>"
   ]
  },
  {
   "cell_type": "code",
   "execution_count": 1,
   "metadata": {},
   "outputs": [],
   "source": [
    "# Import useful module\n",
    "import numpy as np\n",
    "import pandas as pd\n",
    "from prettytable import PrettyTable\n",
    "from data_analysis_ES_ML import *"
   ]
  },
  {
   "cell_type": "markdown",
   "metadata": {},
   "source": [
    "# 1. Neutron Stars' regression data"
   ]
  },
  {
   "cell_type": "markdown",
   "metadata": {},
   "source": [
    "## **1.1 Correlations in all explanatory (X) data**"
   ]
  },
  {
   "cell_type": "code",
   "execution_count": 2,
   "metadata": {},
   "outputs": [
    {
     "name": "stdout",
     "output_type": "stream",
     "text": [
      ">PEARSON'S CORRELATION RESULTS\n",
      ">>Dataframe: All explanatory data\n",
      ">>Columns: 16\n",
      "\n",
      ">BEFORE ROWWISE SHUFFLING\n",
      "\n",
      "\n",
      ">>Samples per EOS: 1\n",
      "+-----+----------+----------+----------+----------+----------+----------+----------+----------+----------+----------+----------+----------+----------+----------+----------+----------+\n",
      "| i\\j |   M_1    |   M_2    |   M_3    |   M_4    |   M_5    |   M_6    |   M_7    |   M_8    |   R_1    |   R_2    |   R_3    |   R_4    |   R_5    |   R_6    |   R_7    |   R_8    |\n",
      "+-----+----------+----------+----------+----------+----------+----------+----------+----------+----------+----------+----------+----------+----------+----------+----------+----------+\n",
      "| M_1 | 1.00000  | -0.03186 | -0.06162 | -0.07208 | -0.07745 | -0.08065 | -0.08249 | -0.08399 | -0.44570 | -0.27902 | -0.20808 | -0.17298 | -0.15390 | -0.13580 | -0.11988 | -0.11308 |\n",
      "| M_2 | -0.03186 | 1.00000  | 0.98876  | 0.99007  | 0.99048  | 0.99023  | 0.99029  | 0.99015  | 0.51266  | 0.64013  | 0.75390  | 0.81118  | 0.84574  | 0.87777  | 0.89885  | 0.93322  |\n",
      "| M_3 | -0.06162 | 0.98876  | 1.00000  | 0.99849  | 0.99867  | 0.99865  | 0.99860  | 0.99859  | 0.51066  | 0.63583  | 0.75076  | 0.80892  | 0.84369  | 0.87590  | 0.89809  | 0.93005  |\n",
      "| M_4 | -0.07208 | 0.99007  | 0.99849  | 1.00000  | 0.99975  | 0.99979  | 0.99978  | 0.99976  | 0.51871  | 0.64348  | 0.75757  | 0.81519  | 0.84937  | 0.88091  | 0.90210  | 0.93192  |\n",
      "| M_5 | -0.07745 | 0.99048  | 0.99867  | 0.99975  | 1.00000  | 0.99995  | 0.99995  | 0.99994  | 0.52144  | 0.64473  | 0.75806  | 0.81527  | 0.84928  | 0.88092  | 0.90201  | 0.93287  |\n",
      "| M_6 | -0.08065 | 0.99023  | 0.99865  | 0.99979  | 0.99995  | 1.00000  | 0.99999  | 0.99999  | 0.52213  | 0.64503  | 0.75827  | 0.81543  | 0.84944  | 0.88099  | 0.90220  | 0.93301  |\n",
      "| M_7 | -0.08249 | 0.99029  | 0.99860  | 0.99978  | 0.99995  | 0.99999  | 1.00000  | 1.00000  | 0.52337  | 0.64587  | 0.75890  | 0.81594  | 0.84987  | 0.88129  | 0.90239  | 0.93303  |\n",
      "| M_8 | -0.08399 | 0.99015  | 0.99859  | 0.99976  | 0.99994  | 0.99999  | 1.00000  | 1.00000  | 0.52391  | 0.64613  | 0.75905  | 0.81603  | 0.84993  | 0.88133  | 0.90244  | 0.93303  |\n",
      "| R_1 | -0.44570 | 0.51266  | 0.51066  | 0.51871  | 0.52144  | 0.52213  | 0.52337  | 0.52391  | 1.00000  | 0.91990  | 0.82571  | 0.76144  | 0.71516  | 0.67550  | 0.63564  | 0.59594  |\n",
      "| R_2 | -0.27902 | 0.64013  | 0.63583  | 0.64348  | 0.64473  | 0.64503  | 0.64587  | 0.64613  | 0.91990  | 1.00000  | 0.96059  | 0.91001  | 0.86621  | 0.82558  | 0.78319  | 0.73492  |\n",
      "| R_3 | -0.20808 | 0.75390  | 0.75076  | 0.75757  | 0.75806  | 0.75827  | 0.75890  | 0.75905  | 0.82571  | 0.96059  | 1.00000  | 0.98326  | 0.95512  | 0.92335  | 0.88666  | 0.84279  |\n",
      "| R_4 | -0.17298 | 0.81118  | 0.80892  | 0.81519  | 0.81527  | 0.81543  | 0.81594  | 0.81603  | 0.76144  | 0.91001  | 0.98326  | 1.00000  | 0.99059  | 0.96844  | 0.93715  | 0.89662  |\n",
      "| R_5 | -0.15390 | 0.84574  | 0.84369  | 0.84937  | 0.84928  | 0.84944  | 0.84987  | 0.84993  | 0.71516  | 0.86621  | 0.95512  | 0.99059  | 1.00000  | 0.99002  | 0.96541  | 0.92931  |\n",
      "| R_6 | -0.13580 | 0.87777  | 0.87590  | 0.88091  | 0.88092  | 0.88099  | 0.88129  | 0.88133  | 0.67550  | 0.82558  | 0.92335  | 0.96844  | 0.99002  | 1.00000  | 0.98767  | 0.95995  |\n",
      "| R_7 | -0.11988 | 0.89885  | 0.89809  | 0.90210  | 0.90201  | 0.90220  | 0.90239  | 0.90244  | 0.63564  | 0.78319  | 0.88666  | 0.93715  | 0.96541  | 0.98767  | 1.00000  | 0.97249  |\n",
      "| R_8 | -0.11308 | 0.93322  | 0.93005  | 0.93192  | 0.93287  | 0.93301  | 0.93303  | 0.93303  | 0.59594  | 0.73492  | 0.84279  | 0.89662  | 0.92931  | 0.95995  | 0.97249  | 1.00000  |\n",
      "+-----+----------+----------+----------+----------+----------+----------+----------+----------+----------+----------+----------+----------+----------+----------+----------+----------+\n",
      "\n",
      ">>Samples per EOS: 10\n",
      "+-----+----------+---------+---------+---------+---------+---------+---------+---------+----------+---------+---------+---------+---------+---------+---------+---------+\n",
      "| i\\j |   M_1    |   M_2   |   M_3   |   M_4   |   M_5   |   M_6   |   M_7   |   M_8   |   R_1    |   R_2   |   R_3   |   R_4   |   R_5   |   R_6   |   R_7   |   R_8   |\n",
      "+-----+----------+---------+---------+---------+---------+---------+---------+---------+----------+---------+---------+---------+---------+---------+---------+---------+\n",
      "| M_1 | 1.00000  | 0.04910 | 0.01482 | 0.03644 | 0.04158 | 0.03195 | 0.04246 | 0.04041 | -0.00203 | 0.01290 | 0.01518 | 0.02595 | 0.02534 | 0.03106 | 0.03205 | 0.03252 |\n",
      "| M_2 | 0.04910  | 1.00000 | 0.43984 | 0.46591 | 0.48989 | 0.50579 | 0.50475 | 0.51118 | 0.24796  | 0.31070 | 0.36375 | 0.39388 | 0.41836 | 0.44528 | 0.46065 | 0.48092 |\n",
      "| M_3 | 0.01482  | 0.43984 | 1.00000 | 0.70887 | 0.73763 | 0.76686 | 0.77293 | 0.77793 | 0.39511  | 0.48303 | 0.58167 | 0.63310 | 0.65992 | 0.67598 | 0.69120 | 0.71933 |\n",
      "| M_4 | 0.03644  | 0.46591 | 0.70887 | 1.00000 | 0.82655 | 0.85754 | 0.86401 | 0.86959 | 0.45893  | 0.55384 | 0.66064 | 0.70650 | 0.73622 | 0.76354 | 0.78126 | 0.80209 |\n",
      "| M_5 | 0.04158  | 0.48989 | 0.73763 | 0.82655 | 1.00000 | 0.88881 | 0.90201 | 0.90975 | 0.48881  | 0.58910 | 0.68738 | 0.74312 | 0.77257 | 0.80114 | 0.81736 | 0.83913 |\n",
      "| M_6 | 0.03195  | 0.50579 | 0.76686 | 0.85754 | 0.88881 | 1.00000 | 0.92700 | 0.93686 | 0.49729  | 0.59551 | 0.69838 | 0.75258 | 0.78569 | 0.81677 | 0.83577 | 0.86157 |\n",
      "| M_7 | 0.04246  | 0.50475 | 0.77293 | 0.86401 | 0.90201 | 0.92700 | 1.00000 | 0.94503 | 0.49570  | 0.60215 | 0.71337 | 0.76984 | 0.79857 | 0.83036 | 0.84976 | 0.87398 |\n",
      "| M_8 | 0.04041  | 0.51118 | 0.77793 | 0.86959 | 0.90975 | 0.93686 | 0.94503 | 1.00000 | 0.50848  | 0.61286 | 0.72275 | 0.77960 | 0.80842 | 0.84033 | 0.86029 | 0.88232 |\n",
      "| R_1 | -0.00203 | 0.24796 | 0.39511 | 0.45893 | 0.48881 | 0.49729 | 0.49570 | 0.50848 | 1.00000  | 0.86436 | 0.78186 | 0.72546 | 0.68038 | 0.64617 | 0.60686 | 0.56577 |\n",
      "| R_2 | 0.01290  | 0.31070 | 0.48303 | 0.55384 | 0.58910 | 0.59551 | 0.60215 | 0.61286 | 0.86436  | 1.00000 | 0.89080 | 0.84549 | 0.80720 | 0.77161 | 0.73298 | 0.68568 |\n",
      "| R_3 | 0.01518  | 0.36375 | 0.58167 | 0.66064 | 0.68738 | 0.69838 | 0.71337 | 0.72275 | 0.78186  | 0.89080 | 1.00000 | 0.91920 | 0.89607 | 0.86725 | 0.83533 | 0.79130 |\n",
      "| R_4 | 0.02595  | 0.39388 | 0.63310 | 0.70650 | 0.74312 | 0.75258 | 0.76984 | 0.77960 | 0.72546  | 0.84549 | 0.91920 | 1.00000 | 0.93467 | 0.91614 | 0.88468 | 0.84806 |\n",
      "| R_5 | 0.02534  | 0.41836 | 0.65992 | 0.73622 | 0.77257 | 0.78569 | 0.79857 | 0.80842 | 0.68038  | 0.80720 | 0.89607 | 0.93467 | 1.00000 | 0.93654 | 0.90729 | 0.87639 |\n",
      "| R_6 | 0.03106  | 0.44528 | 0.67598 | 0.76354 | 0.80114 | 0.81677 | 0.83036 | 0.84033 | 0.64617  | 0.77161 | 0.86725 | 0.91614 | 0.93654 | 1.00000 | 0.93518 | 0.90719 |\n",
      "| R_7 | 0.03205  | 0.46065 | 0.69120 | 0.78126 | 0.81736 | 0.83577 | 0.84976 | 0.86029 | 0.60686  | 0.73298 | 0.83533 | 0.88468 | 0.90729 | 0.93518 | 1.00000 | 0.91642 |\n",
      "| R_8 | 0.03252  | 0.48092 | 0.71933 | 0.80209 | 0.83913 | 0.86157 | 0.87398 | 0.88232 | 0.56577  | 0.68568 | 0.79130 | 0.84806 | 0.87639 | 0.90719 | 0.91642 | 1.00000 |\n",
      "+-----+----------+---------+---------+---------+---------+---------+---------+---------+----------+---------+---------+---------+---------+---------+---------+---------+\n",
      "\n",
      ">>Samples per EOS: 100\n",
      "+-----+----------+----------+----------+----------+---------+---------+---------+---------+----------+----------+----------+----------+---------+----------+---------+---------+\n",
      "| i\\j |   M_1    |   M_2    |   M_3    |   M_4    |   M_5   |   M_6   |   M_7   |   M_8   |   R_1    |   R_2    |   R_3    |   R_4    |   R_5   |   R_6    |   R_7   |   R_8   |\n",
      "+-----+----------+----------+----------+----------+---------+---------+---------+---------+----------+----------+----------+----------+---------+----------+---------+---------+\n",
      "| M_1 | 1.00000  | -0.00175 | -0.00345 | -0.00328 | 0.00258 | 0.00045 | 0.00141 | 0.00190 | -0.01535 | -0.00456 | -0.00287 | -0.00164 | 0.00004 | -0.00028 | 0.00408 | 0.00278 |\n",
      "| M_2 | -0.00175 | 1.00000  | 0.43193  | 0.48356  | 0.50158 | 0.51629 | 0.52121 | 0.52599 | 0.26581  | 0.32657  | 0.39114  | 0.42364  | 0.44444 | 0.46412  | 0.47206 | 0.48552 |\n",
      "| M_3 | -0.00345 | 0.43193  | 1.00000  | 0.71213  | 0.74655 | 0.76176 | 0.77290 | 0.77732 | 0.39717  | 0.48566  | 0.57639  | 0.62482  | 0.65420 | 0.67830  | 0.69539 | 0.72056 |\n",
      "| M_4 | -0.00328 | 0.48356  | 0.71213  | 1.00000  | 0.83556 | 0.85471 | 0.86628 | 0.87279 | 0.45364  | 0.55195  | 0.65510  | 0.70790  | 0.73813 | 0.76493  | 0.78304 | 0.80570 |\n",
      "| M_5 | 0.00258  | 0.50158  | 0.74655  | 0.83556  | 1.00000 | 0.89496 | 0.90714 | 0.91359 | 0.47766  | 0.57734  | 0.68597  | 0.74064  | 0.77296 | 0.80264  | 0.82081 | 0.84660 |\n",
      "| M_6 | 0.00045  | 0.51629  | 0.76176  | 0.85471  | 0.89496 | 1.00000 | 0.92789 | 0.93541 | 0.48924  | 0.59232  | 0.70133  | 0.75764  | 0.79073 | 0.81983  | 0.84026 | 0.86583 |\n",
      "| M_7 | 0.00141  | 0.52121  | 0.77290  | 0.86628  | 0.90714 | 0.92789 | 1.00000 | 0.94800 | 0.49742  | 0.60197  | 0.71174  | 0.76764  | 0.80167 | 0.83089  | 0.85032 | 0.87616 |\n",
      "| M_8 | 0.00190  | 0.52599  | 0.77732  | 0.87279  | 0.91359 | 0.93541 | 0.94800 | 1.00000 | 0.49945  | 0.60470  | 0.71668  | 0.77323  | 0.80708 | 0.83736  | 0.85739 | 0.88354 |\n",
      "| R_1 | -0.01535 | 0.26581  | 0.39717  | 0.45364  | 0.47766 | 0.48924 | 0.49742 | 0.49945 | 1.00000  | 0.86539  | 0.78008  | 0.72044  | 0.68043 | 0.64404  | 0.60360 | 0.56483 |\n",
      "| R_2 | -0.00456 | 0.32657  | 0.48566  | 0.55195  | 0.57734 | 0.59232 | 0.60197 | 0.60470 | 0.86539  | 1.00000  | 0.89159  | 0.84710  | 0.80982 | 0.77188  | 0.73125 | 0.68355 |\n",
      "| R_3 | -0.00287 | 0.39114  | 0.57639  | 0.65510  | 0.68597 | 0.70133 | 0.71174 | 0.71668 | 0.78008  | 0.89159  | 1.00000  | 0.91901  | 0.89718 | 0.86651  | 0.83246 | 0.78807 |\n",
      "| R_4 | -0.00164 | 0.42364  | 0.62482  | 0.70790  | 0.74064 | 0.75764 | 0.76764 | 0.77323 | 0.72044  | 0.84710  | 0.91901  | 1.00000  | 0.93351 | 0.91316  | 0.88396 | 0.84264 |\n",
      "| R_5 | 0.00004  | 0.44444  | 0.65420  | 0.73813  | 0.77296 | 0.79073 | 0.80167 | 0.80708 | 0.68043  | 0.80982  | 0.89718  | 0.93351  | 1.00000 | 0.93583  | 0.91240 | 0.87463 |\n",
      "| R_6 | -0.00028 | 0.46412  | 0.67830  | 0.76493  | 0.80264 | 0.81983 | 0.83089 | 0.83736 | 0.64404  | 0.77188  | 0.86651  | 0.91316  | 0.93583 | 1.00000  | 0.93456 | 0.90503 |\n",
      "| R_7 | 0.00408  | 0.47206  | 0.69539  | 0.78304  | 0.82081 | 0.84026 | 0.85032 | 0.85739 | 0.60360  | 0.73125  | 0.83246  | 0.88396  | 0.91240 | 0.93456  | 1.00000 | 0.91578 |\n",
      "| R_8 | 0.00278  | 0.48552  | 0.72056  | 0.80570  | 0.84660 | 0.86583 | 0.87616 | 0.88354 | 0.56483  | 0.68355  | 0.78807  | 0.84264  | 0.87463 | 0.90503  | 0.91578 | 1.00000 |\n",
      "+-----+----------+----------+----------+----------+---------+---------+---------+---------+----------+----------+----------+----------+---------+----------+---------+---------+\n",
      "\n",
      ">AFTER ROWWISE SHUFFLING\n",
      "\n",
      "\n",
      ">>Samples per EOS: 1\n",
      "+-----+----------+----------+----------+----------+----------+----------+----------+----------+----------+----------+----------+---------+---------+---------+----------+---------+\n",
      "| i\\j |   M_1    |   M_2    |   M_3    |   M_4    |   M_5    |   M_6    |   M_7    |   M_8    |   R_1    |   R_2    |   R_3    |   R_4   |   R_5   |   R_6   |   R_7    |   R_8   |\n",
      "+-----+----------+----------+----------+----------+----------+----------+----------+----------+----------+----------+----------+---------+---------+---------+----------+---------+\n",
      "| M_1 | 1.00000  | -0.11936 | 0.02225  | -0.03617 | -0.02551 | -0.07432 | 0.02107  | -0.00566 | -0.12250 | 0.21246  | 0.21468  | 0.21683 | 0.24055 | 0.25591 | 0.16415  | 0.21430 |\n",
      "| M_2 | -0.11936 | 1.00000  | 0.03547  | -0.01733 | 0.02932  | 0.05541  | -0.07183 | 0.01881  | 0.27362  | -0.02974 | 0.29763  | 0.25887 | 0.24947 | 0.24055 | 0.25955  | 0.29897 |\n",
      "| M_3 | 0.02225  | 0.03547  | 1.00000  | 0.08106  | -0.12308 | 0.02449  | -0.03097 | 0.03742  | 0.30820  | 0.34210  | -0.03661 | 0.27991 | 0.33726 | 0.31131 | 0.29132  | 0.28838 |\n",
      "| M_4 | -0.03617 | -0.01733 | 0.08106  | 1.00000  | 0.10227  | 0.06546  | 0.00382  | -0.00316 | 0.32951  | 0.32631  | 0.29873  | 0.03473 | 0.33816 | 0.34657 | 0.36259  | 0.33024 |\n",
      "| M_5 | -0.02551 | 0.02932  | -0.12308 | 0.10227  | 1.00000  | 0.00344  | 0.14196  | 0.03907  | 0.33686  | 0.35660  | 0.35788  | 0.37914 | 0.03986 | 0.40624 | 0.34407  | 0.34905 |\n",
      "| M_6 | -0.07432 | 0.05541  | 0.02449  | 0.06546  | 0.00344  | 1.00000  | 0.10022  | 0.11756  | 0.37962  | 0.34936  | 0.40307  | 0.34583 | 0.39850 | 0.08100 | 0.33100  | 0.36450 |\n",
      "| M_7 | 0.02107  | -0.07183 | -0.03097 | 0.00382  | 0.14196  | 0.10022  | 1.00000  | -0.02250 | 0.28462  | 0.33951  | 0.30787  | 0.30073 | 0.30346 | 0.28911 | -0.00420 | 0.34478 |\n",
      "| M_8 | -0.00566 | 0.01881  | 0.03742  | -0.00316 | 0.03907  | 0.11756  | -0.02250 | 1.00000  | 0.27001  | 0.28157  | 0.32206  | 0.29869 | 0.27066 | 0.28668 | 0.28126  | 0.03279 |\n",
      "| R_1 | -0.12250 | 0.27362  | 0.30820  | 0.32951  | 0.33686  | 0.37962  | 0.28462  | 0.27001  | 1.00000  | 0.71072  | 0.70912  | 0.69956 | 0.71761 | 0.69833 | 0.71833  | 0.76705 |\n",
      "| R_2 | 0.21246  | -0.02974 | 0.34210  | 0.32631  | 0.35660  | 0.34936  | 0.33951  | 0.28157  | 0.71072  | 1.00000  | 0.67010  | 0.72702 | 0.70999 | 0.71418 | 0.67426  | 0.73597 |\n",
      "| R_3 | 0.21468  | 0.29763  | -0.03661 | 0.29873  | 0.35788  | 0.40307  | 0.30787  | 0.32206  | 0.70912  | 0.67010  | 1.00000  | 0.70555 | 0.70071 | 0.70736 | 0.69841  | 0.73777 |\n",
      "| R_4 | 0.21683  | 0.25887  | 0.27991  | 0.03473  | 0.37914  | 0.34583  | 0.30073  | 0.29869  | 0.69956  | 0.72702  | 0.70555  | 1.00000 | 0.69157 | 0.72041 | 0.68079  | 0.75921 |\n",
      "| R_5 | 0.24055  | 0.24947  | 0.33726  | 0.33816  | 0.03986  | 0.39850  | 0.30346  | 0.27066  | 0.71761  | 0.70999  | 0.70071  | 0.69157 | 1.00000 | 0.68448 | 0.70510  | 0.76222 |\n",
      "| R_6 | 0.25591  | 0.24055  | 0.31131  | 0.34657  | 0.40624  | 0.08100  | 0.28911  | 0.28668  | 0.69833  | 0.71418  | 0.70736  | 0.72041 | 0.68448 | 1.00000 | 0.73643  | 0.76551 |\n",
      "| R_7 | 0.16415  | 0.25955  | 0.29132  | 0.36259  | 0.34407  | 0.33100  | -0.00420 | 0.28126  | 0.71833  | 0.67426  | 0.69841  | 0.68079 | 0.70510 | 0.73643 | 1.00000  | 0.74237 |\n",
      "| R_8 | 0.21430  | 0.29897  | 0.28838  | 0.33024  | 0.34905  | 0.36450  | 0.34478  | 0.03279  | 0.76705  | 0.73597  | 0.73777  | 0.75921 | 0.76222 | 0.76551 | 0.74237  | 1.00000 |\n",
      "+-----+----------+----------+----------+----------+----------+----------+----------+----------+----------+----------+----------+---------+---------+---------+----------+---------+\n",
      "\n",
      ">>Samples per EOS: 10\n",
      "+-----+----------+----------+----------+----------+----------+----------+----------+---------+---------+----------+----------+----------+----------+---------+----------+---------+\n",
      "| i\\j |   M_1    |   M_2    |   M_3    |   M_4    |   M_5    |   M_6    |   M_7    |   M_8   |   R_1   |   R_2    |   R_3    |   R_4    |   R_5    |   R_6   |   R_7    |   R_8   |\n",
      "+-----+----------+----------+----------+----------+----------+----------+----------+---------+---------+----------+----------+----------+----------+---------+----------+---------+\n",
      "| M_1 | 1.00000  | 0.00483  | -0.01884 | 0.05774  | 0.02430  | 0.01895  | 0.02345  | 0.01642 | 0.02218 | 0.29942  | 0.30540  | 0.28917  | 0.29306  | 0.28504 | 0.30620  | 0.29865 |\n",
      "| M_2 | 0.00483  | 1.00000  | 0.02965  | 0.00535  | 0.00666  | -0.00639 | 0.00983  | 0.03067 | 0.29857 | -0.00322 | 0.29233  | 0.28475  | 0.28900  | 0.29048 | 0.28731  | 0.28886 |\n",
      "| M_3 | -0.01884 | 0.02965  | 1.00000  | -0.01317 | 0.00449  | 0.01076  | 0.00764  | 0.01729 | 0.31514 | 0.28699  | -0.00258 | 0.30421  | 0.29633  | 0.29919 | 0.27924  | 0.29003 |\n",
      "| M_4 | 0.05774  | 0.00535  | -0.01317 | 1.00000  | -0.00998 | 0.04484  | -0.01133 | 0.00329 | 0.28815 | 0.28765  | 0.28537  | -0.00519 | 0.30720  | 0.27462 | 0.29301  | 0.28737 |\n",
      "| M_5 | 0.02430  | 0.00666  | 0.00449  | -0.00998 | 1.00000  | -0.00292 | 0.00465  | 0.03442 | 0.28521 | 0.28733  | 0.28756  | 0.29515  | -0.01728 | 0.28928 | 0.28478  | 0.27815 |\n",
      "| M_6 | 0.01895  | -0.00639 | 0.01076  | 0.04484  | -0.00292 | 1.00000  | 0.02258  | 0.03932 | 0.29670 | 0.29588  | 0.31625  | 0.27699  | 0.30277  | 0.00830 | 0.31106  | 0.29788 |\n",
      "| M_7 | 0.02345  | 0.00983  | 0.00764  | -0.01133 | 0.00465  | 0.02258  | 1.00000  | 0.00919 | 0.29859 | 0.27894  | 0.28170  | 0.28956  | 0.28260  | 0.27766 | -0.00480 | 0.28130 |\n",
      "| M_8 | 0.01642  | 0.03067  | 0.01729  | 0.00329  | 0.03442  | 0.03932  | 0.00919  | 1.00000 | 0.33602 | 0.31278  | 0.32104  | 0.33009  | 0.30538  | 0.32673 | 0.30855  | 0.00892 |\n",
      "| R_1 | 0.02218  | 0.29857  | 0.31514  | 0.28815  | 0.28521  | 0.29670  | 0.29859  | 0.33602 | 1.00000 | 0.69070  | 0.70010  | 0.69651  | 0.70465  | 0.70081 | 0.69594  | 0.68097 |\n",
      "| R_2 | 0.29942  | -0.00322 | 0.28699  | 0.28765  | 0.28733  | 0.29588  | 0.27894  | 0.31278 | 0.69070 | 1.00000  | 0.68253  | 0.67432  | 0.66985  | 0.67342 | 0.67836  | 0.66346 |\n",
      "| R_3 | 0.30540  | 0.29233  | -0.00258 | 0.28537  | 0.28756  | 0.31625  | 0.28170  | 0.32104 | 0.70010 | 0.68253  | 1.00000  | 0.68967  | 0.68689  | 0.67875 | 0.69015  | 0.68173 |\n",
      "| R_4 | 0.28917  | 0.28475  | 0.30421  | -0.00519 | 0.29515  | 0.27699  | 0.28956  | 0.33009 | 0.69651 | 0.67432  | 0.68967  | 1.00000  | 0.67561  | 0.69476 | 0.68246  | 0.66408 |\n",
      "| R_5 | 0.29306  | 0.28900  | 0.29633  | 0.30720  | -0.01728 | 0.30277  | 0.28260  | 0.30538 | 0.70465 | 0.66985  | 0.68689  | 0.67561  | 1.00000  | 0.67537 | 0.68268  | 0.67614 |\n",
      "| R_6 | 0.28504  | 0.29048  | 0.29919  | 0.27462  | 0.28928  | 0.00830  | 0.27766  | 0.32673 | 0.70081 | 0.67342  | 0.67875  | 0.69476  | 0.67537  | 1.00000 | 0.67824  | 0.66578 |\n",
      "| R_7 | 0.30620  | 0.28731  | 0.27924  | 0.29301  | 0.28478  | 0.31106  | -0.00480 | 0.30855 | 0.69594 | 0.67836  | 0.69015  | 0.68246  | 0.68268  | 0.67824 | 1.00000  | 0.66871 |\n",
      "| R_8 | 0.29865  | 0.28886  | 0.29003  | 0.28737  | 0.27815  | 0.29788  | 0.28130  | 0.00892 | 0.68097 | 0.66346  | 0.68173  | 0.66408  | 0.67614  | 0.66578 | 0.66871  | 1.00000 |\n",
      "+-----+----------+----------+----------+----------+----------+----------+----------+---------+---------+----------+----------+----------+----------+---------+----------+---------+\n",
      "\n",
      ">>Samples per EOS: 100\n",
      "+-----+----------+----------+----------+----------+---------+----------+---------+----------+----------+----------+----------+----------+---------+----------+---------+----------+\n",
      "| i\\j |   M_1    |   M_2    |   M_3    |   M_4    |   M_5   |   M_6    |   M_7   |   M_8    |   R_1    |   R_2    |   R_3    |   R_4    |   R_5   |   R_6    |   R_7   |   R_8    |\n",
      "+-----+----------+----------+----------+----------+---------+----------+---------+----------+----------+----------+----------+----------+---------+----------+---------+----------+\n",
      "| M_1 | 1.00000  | 0.00809  | 0.01408  | 0.01441  | 0.01378 | 0.01277  | 0.02031 | 0.00998  | -0.00209 | 0.29432  | 0.29306  | 0.29822  | 0.29691 | 0.29040  | 0.29224 | 0.29326  |\n",
      "| M_2 | 0.00809  | 1.00000  | 0.01053  | 0.01266  | 0.00519 | 0.00395  | 0.01863 | 0.00726  | 0.28952  | -0.00948 | 0.28919  | 0.29234  | 0.29077 | 0.28888  | 0.28852 | 0.28948  |\n",
      "| M_3 | 0.01408  | 0.01053  | 1.00000  | 0.00998  | 0.01235 | 0.01618  | 0.00567 | 0.00842  | 0.29280  | 0.29427  | -0.00069 | 0.28889  | 0.29641 | 0.29080  | 0.29618 | 0.29583  |\n",
      "| M_4 | 0.01441  | 0.01266  | 0.00998  | 1.00000  | 0.02266 | 0.01514  | 0.01821 | 0.02190  | 0.29993  | 0.29784  | 0.29889  | -0.00228 | 0.29956 | 0.29755  | 0.30031 | 0.30034  |\n",
      "| M_5 | 0.01378  | 0.00519  | 0.01235  | 0.02266  | 1.00000 | 0.00519  | 0.02413 | 0.02068  | 0.30423  | 0.29893  | 0.29618  | 0.29157  | 0.00459 | 0.29891  | 0.29627 | 0.29694  |\n",
      "| M_6 | 0.01277  | 0.00395  | 0.01618  | 0.01514  | 0.00519 | 1.00000  | 0.01693 | 0.01504  | 0.28997  | 0.29137  | 0.29078  | 0.29294  | 0.29316 | -0.00176 | 0.28904 | 0.29263  |\n",
      "| M_7 | 0.02031  | 0.01863  | 0.00567  | 0.01821  | 0.02413 | 0.01693  | 1.00000 | 0.01413  | 0.29605  | 0.29464  | 0.30607  | 0.29804  | 0.30424 | 0.29647  | 0.00900 | 0.29899  |\n",
      "| M_8 | 0.00998  | 0.00726  | 0.00842  | 0.02190  | 0.02068 | 0.01504  | 0.01413 | 1.00000  | 0.29545  | 0.29963  | 0.30143  | 0.29432  | 0.29739 | 0.29812  | 0.29833 | -0.00657 |\n",
      "| R_1 | -0.00209 | 0.28952  | 0.29280  | 0.29993  | 0.30423 | 0.28997  | 0.29605 | 0.29545  | 1.00000  | 0.68032  | 0.68214  | 0.67380  | 0.67725 | 0.68562  | 0.68241 | 0.67513  |\n",
      "| R_2 | 0.29432  | -0.00948 | 0.29427  | 0.29784  | 0.29893 | 0.29137  | 0.29464 | 0.29963  | 0.68032  | 1.00000  | 0.68266  | 0.67685  | 0.68061 | 0.68315  | 0.68333 | 0.67490  |\n",
      "| R_3 | 0.29306  | 0.28919  | -0.00069 | 0.29889  | 0.29618 | 0.29078  | 0.30607 | 0.30143  | 0.68214  | 0.68266  | 1.00000  | 0.68103  | 0.68358 | 0.68538  | 0.67965 | 0.67615  |\n",
      "| R_4 | 0.29822  | 0.29234  | 0.28889  | -0.00228 | 0.29157 | 0.29294  | 0.29804 | 0.29432  | 0.67380  | 0.67685  | 0.68103  | 1.00000  | 0.68005 | 0.67786  | 0.67573 | 0.67354  |\n",
      "| R_5 | 0.29691  | 0.29077  | 0.29641  | 0.29956  | 0.00459 | 0.29316  | 0.30424 | 0.29739  | 0.67725  | 0.68061  | 0.68358  | 0.68005  | 1.00000 | 0.68088  | 0.68146 | 0.67449  |\n",
      "| R_6 | 0.29040  | 0.28888  | 0.29080  | 0.29755  | 0.29891 | -0.00176 | 0.29647 | 0.29812  | 0.68562  | 0.68315  | 0.68538  | 0.67786  | 0.68088 | 1.00000  | 0.68449 | 0.67492  |\n",
      "| R_7 | 0.29224  | 0.28852  | 0.29618  | 0.30031  | 0.29627 | 0.28904  | 0.00900 | 0.29833  | 0.68241  | 0.68333  | 0.67965  | 0.67573  | 0.68146 | 0.68449  | 1.00000 | 0.67712  |\n",
      "| R_8 | 0.29326  | 0.28948  | 0.29583  | 0.30034  | 0.29694 | 0.29263  | 0.29899 | -0.00657 | 0.67513  | 0.67490  | 0.67615  | 0.67354  | 0.67449 | 0.67492  | 0.67712 | 1.00000  |\n",
      "+-----+----------+----------+----------+----------+---------+----------+---------+----------+----------+----------+----------+----------+---------+----------+---------+----------+\n"
     ]
    }
   ],
   "source": [
    "# Calculating and printing the Pearson's correlation results for the whole of explanatory data\n",
    "# 8 M-R POINTS\n",
    "\n",
    "print(\">PEARSON'S CORRELATION RESULTS\")\n",
    "print(\">>Dataframe: All explanatory data\")\n",
    "print(\">>Columns: 16\")\n",
    "\n",
    "print(\"\\n>BEFORE ROWWISE SHUFFLING\\n\")\n",
    "\n",
    "print(\"\\n>>Samples per EOS: 1\")\n",
    "check_linear_corr(filename=\"NS_reg_data_pp8mr8s1.csv\",mag_check=\"both\")\n",
    "\n",
    "print(\"\\n>>Samples per EOS: 10\")\n",
    "check_linear_corr(filename=\"NS_reg_data_pp8mr8s10.csv\",mag_check=\"both\")\n",
    "\n",
    "print(\"\\n>>Samples per EOS: 100\")\n",
    "check_linear_corr(filename=\"NS_reg_data_pp8mr8s100.csv\",mag_check=\"both\")\n",
    "\n",
    "print(\"\\n>AFTER ROWWISE SHUFFLING\\n\")\n",
    "\n",
    "print(\"\\n>>Samples per EOS: 1\")\n",
    "check_linear_corr(filename=\"NS_reg_data_pp8mr8s1_rwshuffled.csv\",mag_check=\"both\")\n",
    "\n",
    "print(\"\\n>>Samples per EOS: 10\")\n",
    "check_linear_corr(filename=\"NS_reg_data_pp8mr8s10_rwshuffled.csv\",mag_check=\"both\")\n",
    "\n",
    "print(\"\\n>>Samples per EOS: 100\")\n",
    "check_linear_corr(filename=\"NS_reg_data_pp8mr8s100_rwshuffled.csv\",mag_check=\"both\")"
   ]
  },
  {
   "cell_type": "code",
   "execution_count": 3,
   "metadata": {},
   "outputs": [
    {
     "name": "stdout",
     "output_type": "stream",
     "text": [
      ">PEARSON'S CORRELATION RESULTS\n",
      ">>Dataframe: All explanatory data\n",
      ">>Columns: 32\n",
      "\n",
      ">BEFORE ROWWISE SHUFFLING\n",
      "\n",
      "\n",
      ">>Samples per EOS: 1\n",
      "+------+----------+---------+----------+----------+----------+----------+----------+----------+----------+----------+----------+----------+----------+----------+----------+----------+----------+----------+----------+----------+----------+----------+----------+----------+----------+----------+----------+----------+----------+----------+----------+----------+\n",
      "| i\\j  |   M_1    |   M_2   |   M_3    |   M_4    |   M_5    |   M_6    |   M_7    |   M_8    |   M_9    |   M_10   |   M_11   |   M_12   |   M_13   |   M_14   |   M_15   |   M_16   |   R_1    |   R_2    |   R_3    |   R_4    |   R_5    |   R_6    |   R_7    |   R_8    |   R_9    |   R_10   |   R_11   |   R_12   |   R_13   |   R_14   |   R_15   |   R_16   |\n",
      "+------+----------+---------+----------+----------+----------+----------+----------+----------+----------+----------+----------+----------+----------+----------+----------+----------+----------+----------+----------+----------+----------+----------+----------+----------+----------+----------+----------+----------+----------+----------+----------+----------+\n",
      "| M_1  | 1.00000  | 0.02779 | -0.03557 | -0.04964 | -0.06322 | -0.06798 | -0.07252 | -0.07560 | -0.07707 | -0.07875 | -0.07996 | -0.08083 | -0.08186 | -0.08275 | -0.08337 | -0.08399 | -0.44570 | -0.34867 | -0.28631 | -0.24158 | -0.21419 | -0.19478 | -0.17896 | -0.16681 | -0.15857 | -0.14991 | -0.14170 | -0.13421 | -0.12940 | -0.11684 | -0.05635 | -0.11308 |\n",
      "| M_2  | 0.02779  | 1.00000 | 0.95396  | 0.96165  | 0.95688  | 0.96116  | 0.95897  | 0.95876  | 0.95931  | 0.95903  | 0.95909  | 0.95921  | 0.95913  | 0.95901  | 0.95891  | 0.95884  | 0.45809  | 0.47543  | 0.57685  | 0.64502  | 0.69225  | 0.72497  | 0.75136  | 0.77199  | 0.78795  | 0.80188  | 0.81388  | 0.83016  | 0.84008  | 0.84993  | 0.79458  | 0.87961  |\n",
      "| M_3  | -0.03557 | 0.95396 | 1.00000  | 0.98850  | 0.99117  | 0.99149  | 0.99177  | 0.99149  | 0.99190  | 0.99178  | 0.99155  | 0.99153  | 0.99140  | 0.99139  | 0.99140  | 0.99136  | 0.50585  | 0.52603  | 0.62339  | 0.69199  | 0.73860  | 0.76939  | 0.79448  | 0.81382  | 0.82857  | 0.84215  | 0.85421  | 0.87185  | 0.88139  | 0.89203  | 0.82064  | 0.92266  |\n",
      "| M_4  | -0.04964 | 0.96165 | 0.98850  | 1.00000  | 0.99643  | 0.99714  | 0.99726  | 0.99729  | 0.99707  | 0.99722  | 0.99728  | 0.99728  | 0.99728  | 0.99723  | 0.99720  | 0.99718  | 0.51107  | 0.53135  | 0.63036  | 0.69855  | 0.74554  | 0.77684  | 0.80247  | 0.82251  | 0.83762  | 0.85078  | 0.86258  | 0.87968  | 0.88925  | 0.89830  | 0.83149  | 0.92700  |\n",
      "| M_5  | -0.06322 | 0.95688 | 0.99117  | 0.99643  | 1.00000  | 0.99787  | 0.99853  | 0.99856  | 0.99866  | 0.99889  | 0.99879  | 0.99883  | 0.99881  | 0.99878  | 0.99876  | 0.99875  | 0.51739  | 0.53616  | 0.63397  | 0.70139  | 0.74801  | 0.77938  | 0.80599  | 0.82699  | 0.84278  | 0.85654  | 0.86867  | 0.88527  | 0.89489  | 0.90379  | 0.83469  | 0.93300  |\n",
      "| M_6  | -0.06798 | 0.96116 | 0.99149  | 0.99714  | 0.99787  | 1.00000  | 0.99930  | 0.99943  | 0.99947  | 0.99938  | 0.99943  | 0.99941  | 0.99939  | 0.99939  | 0.99938  | 0.99937  | 0.51567  | 0.53313  | 0.63061  | 0.69784  | 0.74437  | 0.77592  | 0.80225  | 0.82315  | 0.83886  | 0.85267  | 0.86487  | 0.88108  | 0.89072  | 0.90120  | 0.83076  | 0.93105  |\n",
      "| M_7  | -0.07252 | 0.95897 | 0.99177  | 0.99726  | 0.99853  | 0.99930  | 1.00000  | 0.99969  | 0.99970  | 0.99974  | 0.99970  | 0.99971  | 0.99969  | 0.99969  | 0.99968  | 0.99968  | 0.51758  | 0.53498  | 0.63217  | 0.69927  | 0.74572  | 0.77710  | 0.80353  | 0.82441  | 0.84010  | 0.85392  | 0.86605  | 0.88230  | 0.89185  | 0.90191  | 0.83252  | 0.93161  |\n",
      "| M_8  | -0.07560 | 0.95876 | 0.99149  | 0.99729  | 0.99856  | 0.99943  | 0.99969  | 1.00000  | 0.99981  | 0.99979  | 0.99983  | 0.99982  | 0.99981  | 0.99981  | 0.99980  | 0.99980  | 0.52068  | 0.53785  | 0.63472  | 0.70157  | 0.74784  | 0.77909  | 0.80536  | 0.82621  | 0.84201  | 0.85582  | 0.86800  | 0.88421  | 0.89376  | 0.90350  | 0.83317  | 0.93367  |\n",
      "| M_9  | -0.07707 | 0.95931 | 0.99190  | 0.99707  | 0.99866  | 0.99947  | 0.99970  | 0.99981  | 1.00000  | 0.99990  | 0.99992  | 0.99991  | 0.99990  | 0.99990  | 0.99990  | 0.99990  | 0.52038  | 0.53706  | 0.63375  | 0.70052  | 0.74679  | 0.77803  | 0.80431  | 0.82517  | 0.84104  | 0.85494  | 0.86709  | 0.88322  | 0.89281  | 0.90257  | 0.83247  | 0.93285  |\n",
      "| M_10 | -0.07875 | 0.95903 | 0.99178  | 0.99722  | 0.99889  | 0.99938  | 0.99974  | 0.99979  | 0.99990  | 1.00000  | 0.99995  | 0.99997  | 0.99996  | 0.99996  | 0.99996  | 0.99995  | 0.52181  | 0.53834  | 0.63485  | 0.70145  | 0.74756  | 0.77863  | 0.80479  | 0.82554  | 0.84133  | 0.85515  | 0.86727  | 0.88356  | 0.89310  | 0.90256  | 0.83280  | 0.93232  |\n",
      "| M_11 | -0.07996 | 0.95909 | 0.99155  | 0.99728  | 0.99879  | 0.99943  | 0.99970  | 0.99983  | 0.99992  | 0.99995  | 1.00000  | 0.99998  | 0.99998  | 0.99998  | 0.99998  | 0.99998  | 0.52186  | 0.53837  | 0.63491  | 0.70153  | 0.74768  | 0.77882  | 0.80502  | 0.82580  | 0.84159  | 0.85541  | 0.86753  | 0.88383  | 0.89338  | 0.90286  | 0.83287  | 0.93289  |\n",
      "| M_12 | -0.08083 | 0.95921 | 0.99153  | 0.99728  | 0.99883  | 0.99941  | 0.99971  | 0.99982  | 0.99991  | 0.99997  | 0.99998  | 1.00000  | 0.99999  | 0.99999  | 0.99999  | 0.99999  | 0.52266  | 0.53907  | 0.63550  | 0.70203  | 0.74810  | 0.77916  | 0.80530  | 0.82604  | 0.84182  | 0.85562  | 0.86772  | 0.88399  | 0.89353  | 0.90295  | 0.83295  | 0.93288  |\n",
      "| M_13 | -0.08186 | 0.95913 | 0.99140  | 0.99728  | 0.99881  | 0.99939  | 0.99969  | 0.99981  | 0.99990  | 0.99996  | 0.99998  | 0.99999  | 1.00000  | 1.00000  | 1.00000  | 0.99999  | 0.52310  | 0.53943  | 0.63583  | 0.70234  | 0.74841  | 0.77948  | 0.80562  | 0.82637  | 0.84213  | 0.85593  | 0.86802  | 0.88428  | 0.89380  | 0.90318  | 0.83302  | 0.93305  |\n",
      "| M_14 | -0.08275 | 0.95901 | 0.99139  | 0.99723  | 0.99878  | 0.99939  | 0.99969  | 0.99981  | 0.99990  | 0.99996  | 0.99998  | 0.99999  | 1.00000  | 1.00000  | 1.00000  | 1.00000  | 0.52351  | 0.53974  | 0.63608  | 0.70254  | 0.74857  | 0.77961  | 0.80573  | 0.82645  | 0.84221  | 0.85600  | 0.86807  | 0.88432  | 0.89383  | 0.90326  | 0.83294  | 0.93305  |\n",
      "| M_15 | -0.08337 | 0.95891 | 0.99140  | 0.99720  | 0.99876  | 0.99938  | 0.99968  | 0.99980  | 0.99990  | 0.99996  | 0.99998  | 0.99999  | 1.00000  | 1.00000  | 1.00000  | 1.00000  | 0.52365  | 0.53982  | 0.63612  | 0.70255  | 0.74858  | 0.77960  | 0.80571  | 0.82643  | 0.84218  | 0.85596  | 0.86803  | 0.88428  | 0.89379  | 0.90322  | 0.83294  | 0.93300  |\n",
      "| M_16 | -0.08399 | 0.95884 | 0.99136  | 0.99718  | 0.99875  | 0.99937  | 0.99968  | 0.99980  | 0.99990  | 0.99995  | 0.99998  | 0.99999  | 0.99999  | 1.00000  | 1.00000  | 1.00000  | 0.52391  | 0.54002  | 0.63627  | 0.70268  | 0.74868  | 0.77969  | 0.80579  | 0.82650  | 0.84224  | 0.85602  | 0.86808  | 0.88432  | 0.89383  | 0.90325  | 0.83293  | 0.93303  |\n",
      "| R_1  | -0.44570 | 0.45809 | 0.50585  | 0.51107  | 0.51739  | 0.51567  | 0.51758  | 0.52068  | 0.52038  | 0.52181  | 0.52186  | 0.52266  | 0.52310  | 0.52351  | 0.52365  | 0.52391  | 1.00000  | 0.97946  | 0.92738  | 0.87792  | 0.83617  | 0.80255  | 0.77359  | 0.74734  | 0.72628  | 0.70665  | 0.68845  | 0.67070  | 0.65457  | 0.63158  | 0.59204  | 0.59594  |\n",
      "| R_2  | -0.34867 | 0.47543 | 0.52603  | 0.53135  | 0.53616  | 0.53313  | 0.53498  | 0.53785  | 0.53706  | 0.53834  | 0.53837  | 0.53907  | 0.53943  | 0.53974  | 0.53982  | 0.54002  | 0.97946  | 1.00000  | 0.97475  | 0.93448  | 0.89440  | 0.86056  | 0.83017  | 0.80171  | 0.77869  | 0.75731  | 0.73745  | 0.71715  | 0.69887  | 0.67380  | 0.64033  | 0.63022  |\n",
      "| R_3  | -0.28631 | 0.57685 | 0.62339  | 0.63036  | 0.63397  | 0.63061  | 0.63217  | 0.63472  | 0.63375  | 0.63485  | 0.63491  | 0.63550  | 0.63583  | 0.63608  | 0.63612  | 0.63627  | 0.92738  | 0.97475  | 1.00000  | 0.98661  | 0.96156  | 0.93725  | 0.91322  | 0.88882  | 0.86845  | 0.84906  | 0.83076  | 0.81119  | 0.79356  | 0.76954  | 0.73301  | 0.72585  |\n",
      "| R_4  | -0.24158 | 0.64502 | 0.69199  | 0.69855  | 0.70139  | 0.69784  | 0.69927  | 0.70157  | 0.70052  | 0.70145  | 0.70153  | 0.70203  | 0.70234  | 0.70254  | 0.70255  | 0.70268  | 0.87792  | 0.93448  | 0.98661  | 1.00000  | 0.99219  | 0.97806  | 0.96090  | 0.94120  | 0.92395  | 0.90696  | 0.89049  | 0.87231  | 0.85564  | 0.83300  | 0.79232  | 0.79073  |\n",
      "| R_5  | -0.21419 | 0.69225 | 0.73860  | 0.74554  | 0.74801  | 0.74437  | 0.74572  | 0.74784  | 0.74679  | 0.74756  | 0.74768  | 0.74810  | 0.74841  | 0.74857  | 0.74858  | 0.74868  | 0.83617  | 0.89440  | 0.96156  | 0.99219  | 1.00000  | 0.99570  | 0.98530  | 0.97042  | 0.95649  | 0.94205  | 0.92759  | 0.91092  | 0.89541  | 0.87404  | 0.83011  | 0.83351  |\n",
      "| R_6  | -0.19478 | 0.72497 | 0.76939  | 0.77684  | 0.77938  | 0.77592  | 0.77710  | 0.77909  | 0.77803  | 0.77863  | 0.77882  | 0.77916  | 0.77948  | 0.77961  | 0.77960  | 0.77969  | 0.80255  | 0.86056  | 0.93725  | 0.97806  | 0.99570  | 1.00000  | 0.99626  | 0.98619  | 0.97552  | 0.96354  | 0.95101  | 0.93573  | 0.92134  | 0.90114  | 0.85382  | 0.86217  |\n",
      "| R_7  | -0.17896 | 0.75136 | 0.79448  | 0.80247  | 0.80599  | 0.80225  | 0.80353  | 0.80536  | 0.80431  | 0.80479  | 0.80502  | 0.80530  | 0.80562  | 0.80573  | 0.80571  | 0.80579  | 0.77359  | 0.83017  | 0.91322  | 0.96090  | 0.98530  | 0.99626  | 1.00000  | 0.99638  | 0.98964  | 0.98056  | 0.97020  | 0.95652  | 0.94339  | 0.92414  | 0.87331  | 0.88667  |\n",
      "| R_8  | -0.16681 | 0.77199 | 0.81382  | 0.82251  | 0.82699  | 0.82315  | 0.82441  | 0.82621  | 0.82517  | 0.82554  | 0.82580  | 0.82604  | 0.82637  | 0.82645  | 0.82643  | 0.82650  | 0.74734  | 0.80171  | 0.88882  | 0.94120  | 0.97042  | 0.98619  | 0.99638  | 1.00000  | 0.99772  | 0.99193  | 0.98405  | 0.97216  | 0.96050  | 0.94226  | 0.88848  | 0.90653  |\n",
      "| R_9  | -0.15857 | 0.78795 | 0.82857  | 0.83762  | 0.84278  | 0.83886  | 0.84010  | 0.84201  | 0.84104  | 0.84133  | 0.84159  | 0.84182  | 0.84213  | 0.84221  | 0.84218  | 0.84224  | 0.72628  | 0.77869  | 0.86845  | 0.92395  | 0.95649  | 0.97552  | 0.98964  | 0.99772  | 1.00000  | 0.99789  | 0.99271  | 0.98279  | 0.97274  | 0.95549  | 0.89896  | 0.92158  |\n",
      "| R_10 | -0.14991 | 0.80188 | 0.84215  | 0.85078  | 0.85654  | 0.85267  | 0.85392  | 0.85582  | 0.85494  | 0.85515  | 0.85541  | 0.85562  | 0.85593  | 0.85600  | 0.85596  | 0.85602  | 0.70665  | 0.75731  | 0.84906  | 0.90696  | 0.94205  | 0.96354  | 0.98056  | 0.99193  | 0.99789  | 1.00000  | 0.99821  | 0.99081  | 0.98278  | 0.96669  | 0.90706  | 0.93544  |\n",
      "| R_11 | -0.14170 | 0.81388 | 0.85421  | 0.86258  | 0.86867  | 0.86487  | 0.86605  | 0.86800  | 0.86709  | 0.86727  | 0.86753  | 0.86772  | 0.86802  | 0.86807  | 0.86803  | 0.86808  | 0.68845  | 0.73745  | 0.83076  | 0.89049  | 0.92759  | 0.95101  | 0.97020  | 0.98405  | 0.99271  | 0.99821  | 1.00000  | 0.99577  | 0.99013  | 0.97548  | 0.91271  | 0.94782  |\n",
      "| R_12 | -0.13421 | 0.83016 | 0.87185  | 0.87968  | 0.88527  | 0.88108  | 0.88230  | 0.88421  | 0.88322  | 0.88356  | 0.88383  | 0.88399  | 0.88428  | 0.88432  | 0.88428  | 0.88432  | 0.67070  | 0.71715  | 0.81119  | 0.87231  | 0.91092  | 0.93573  | 0.95652  | 0.97216  | 0.98279  | 0.99081  | 0.99577  | 1.00000  | 0.99834  | 0.98603  | 0.91950  | 0.96279  |\n",
      "| R_13 | -0.12940 | 0.84008 | 0.88139  | 0.88925  | 0.89489  | 0.89072  | 0.89185  | 0.89376  | 0.89281  | 0.89310  | 0.89338  | 0.89353  | 0.89380  | 0.89383  | 0.89379  | 0.89383  | 0.65457  | 0.69887  | 0.79356  | 0.85564  | 0.89541  | 0.92134  | 0.94339  | 0.96050  | 0.97274  | 0.98278  | 0.99013  | 0.99834  | 1.00000  | 0.99001  | 0.92020  | 0.97208  |\n",
      "| R_14 | -0.11684 | 0.84993 | 0.89203  | 0.89830  | 0.90379  | 0.90120  | 0.90191  | 0.90350  | 0.90257  | 0.90256  | 0.90286  | 0.90295  | 0.90318  | 0.90326  | 0.90322  | 0.90325  | 0.63158  | 0.67380  | 0.76954  | 0.83300  | 0.87404  | 0.90114  | 0.92414  | 0.94226  | 0.95549  | 0.96669  | 0.97548  | 0.98603  | 0.99001  | 1.00000  | 0.91478  | 0.97064  |\n",
      "| R_15 | -0.05635 | 0.79458 | 0.82064  | 0.83149  | 0.83469  | 0.83076  | 0.83252  | 0.83317  | 0.83247  | 0.83280  | 0.83287  | 0.83295  | 0.83302  | 0.83294  | 0.83294  | 0.83293  | 0.59204  | 0.64033  | 0.73301  | 0.79232  | 0.83011  | 0.85382  | 0.87331  | 0.88848  | 0.89896  | 0.90706  | 0.91271  | 0.91950  | 0.92020  | 0.91478  | 1.00000  | 0.89036  |\n",
      "| R_16 | -0.11308 | 0.87961 | 0.92266  | 0.92700  | 0.93300  | 0.93105  | 0.93161  | 0.93367  | 0.93285  | 0.93232  | 0.93289  | 0.93288  | 0.93305  | 0.93305  | 0.93300  | 0.93303  | 0.59594  | 0.63022  | 0.72585  | 0.79073  | 0.83351  | 0.86217  | 0.88667  | 0.90653  | 0.92158  | 0.93544  | 0.94782  | 0.96279  | 0.97208  | 0.97064  | 0.89036  | 1.00000  |\n",
      "+------+----------+---------+----------+----------+----------+----------+----------+----------+----------+----------+----------+----------+----------+----------+----------+----------+----------+----------+----------+----------+----------+----------+----------+----------+----------+----------+----------+----------+----------+----------+----------+----------+\n",
      "\n",
      ">>Samples per EOS: 10\n",
