{
 "cells": [
  {
   "cell_type": "markdown",
   "metadata": {},
   "source": [
    "**MSc Computational Physics AUTh**<br>\n",
    "**Academic Year: 2024-2025**<br>\n",
    "**Master's Thesis**<br>\n",
    "\n",
    "**Thesis Title:**<br>  \n",
    "# **\"Reconstruction of the EoSs of Exotic Stars using ML and ANNs regression models\"**\n",
    "\n",
    "**Implemented by: Ioannis Stergakis**<br>\n",
    "**AEM: 4439**<br>\n",
    "\n",
    "**Jupyter Notebook: JN3**<br>\n",
    "**Name: \"assessing_regression_data.ipynb\"**<br>\n",
    "\n",
    "**Description:**<br> \n",
    "**1. Calculating and displaying the linear correlation results of X regression data in a Pretty Table form**<br>\n",
    "**2. Comparing the correlations before and after rowwise shuffling**\n",
    "\n",
    "**Abbrevations**:<br>\n",
    "**ES -> Exotic Star**<br>\n",
    "**NS -> Neutron Star**<br>\n",
    "**QS -> Quark Star**<br>"
   ]
  },
  {
   "cell_type": "code",
   "execution_count": 1,
   "metadata": {},
   "outputs": [],
   "source": [
    "# Import useful module\n",
    "import numpy as np\n",
    "import pandas as pd\n",
    "from prettytable import PrettyTable\n",
    "from data_analysis_ES_ML import *"
   ]
  },
  {
   "cell_type": "markdown",
   "metadata": {},
   "source": [
    "# 1. Neutron Stars' regression data"
   ]
  },
  {
   "cell_type": "markdown",
   "metadata": {},
   "source": [
    "## **1.1 Correlations in all explanatory (X) data**"
   ]
  },
  {
   "cell_type": "code",
   "execution_count": 2,
   "metadata": {},
   "outputs": [
    {
     "name": "stdout",
     "output_type": "stream",
     "text": [
      ">PEARSON'S CORRELATION RESULTS\n",
      ">>Dataframe: All explanatory data\n",
      ">>Columns: 16\n",
      "\n",
      ">BEFORE ROWWISE SHUFFLING\n",
      "\n",
      "\n",
      ">>Samples per EOS: 1\n",
      "+-----+----------+----------+----------+----------+----------+----------+----------+----------+----------+----------+----------+----------+----------+----------+----------+----------+\n",
      "| i\\j |   M_1    |   M_2    |   M_3    |   M_4    |   M_5    |   M_6    |   M_7    |   M_8    |   R_1    |   R_2    |   R_3    |   R_4    |   R_5    |   R_6    |   R_7    |   R_8    |\n",
      "+-----+----------+----------+----------+----------+----------+----------+----------+----------+----------+----------+----------+----------+----------+----------+----------+----------+\n",
      "| M_1 | 1.00000  | -0.03708 | -0.06716 | -0.07738 | -0.08277 | -0.08598 | -0.08781 | -0.08930 | -0.44421 | -0.27881 | -0.20909 | -0.17471 | -0.15618 | -0.13857 | -0.12313 | -0.11704 |\n",
      "| M_2 | -0.03708 | 1.00000  | 0.98871  | 0.99003  | 0.99044  | 0.99018  | 0.99024  | 0.99011  | 0.51711  | 0.64257  | 0.75525  | 0.81203  | 0.84629  | 0.87810  | 0.89898  | 0.93320  |\n",
      "| M_3 | -0.06716 | 0.98871  | 1.00000  | 0.99849  | 0.99867  | 0.99866  | 0.99860  | 0.99859  | 0.51528  | 0.63839  | 0.75221  | 0.80986  | 0.84431  | 0.87629  | 0.89828  | 0.93006  |\n",
      "| M_4 | -0.07738 | 0.99003  | 0.99849  | 1.00000  | 0.99974  | 0.99979  | 0.99978  | 0.99976  | 0.52306  | 0.64584  | 0.75886  | 0.81599  | 0.84988  | 0.88121  | 0.90221  | 0.93188  |\n",
      "| M_5 | -0.08277 | 0.99044  | 0.99867  | 0.99974  | 1.00000  | 0.99995  | 0.99995  | 0.99994  | 0.52581  | 0.64709  | 0.75935  | 0.81607  | 0.84978  | 0.88121  | 0.90213  | 0.93283  |\n",
      "| M_6 | -0.08598 | 0.99018  | 0.99866  | 0.99979  | 0.99995  | 1.00000  | 0.99999  | 0.99999  | 0.52649  | 0.64739  | 0.75956  | 0.81623  | 0.84995  | 0.88128  | 0.90231  | 0.93296  |\n",
      "| M_7 | -0.08781 | 0.99024  | 0.99860  | 0.99978  | 0.99995  | 0.99999  | 1.00000  | 1.00000  | 0.52771  | 0.64821  | 0.76017  | 0.81673  | 0.85036  | 0.88157  | 0.90249  | 0.93298  |\n",
      "| M_8 | -0.08930 | 0.99011  | 0.99859  | 0.99976  | 0.99994  | 0.99999  | 1.00000  | 1.00000  | 0.52824  | 0.64847  | 0.76032  | 0.81682  | 0.85041  | 0.88161  | 0.90254  | 0.93298  |\n",
      "| R_1 | -0.44421 | 0.51711  | 0.51528  | 0.52306  | 0.52581  | 0.52649  | 0.52771  | 0.52824  | 1.00000  | 0.92022  | 0.82669  | 0.76290  | 0.71701  | 0.67772  | 0.63825  | 0.59910  |\n",
      "| R_2 | -0.27881 | 0.64257  | 0.63839  | 0.64584  | 0.64709  | 0.64739  | 0.64821  | 0.64847  | 0.92022  | 1.00000  | 0.96078  | 0.91044  | 0.86687  | 0.82648  | 0.78434  | 0.73644  |\n",
      "| R_3 | -0.20909 | 0.75525  | 0.75221  | 0.75886  | 0.75935  | 0.75956  | 0.76017  | 0.76032  | 0.82669  | 0.96078  | 1.00000  | 0.98332  | 0.95527  | 0.92363  | 0.88709  | 0.84347  |\n",
      "| R_4 | -0.17471 | 0.81203  | 0.80986  | 0.81599  | 0.81607  | 0.81623  | 0.81673  | 0.81682  | 0.76290  | 0.91044  | 0.98332  | 1.00000  | 0.99062  | 0.96853  | 0.93733  | 0.89696  |\n",
      "| R_5 | -0.15618 | 0.84629  | 0.84431  | 0.84988  | 0.84978  | 0.84995  | 0.85036  | 0.85041  | 0.71701  | 0.86687  | 0.95527  | 0.99062  | 1.00000  | 0.99004  | 0.96547  | 0.92947  |\n",
      "| R_6 | -0.13857 | 0.87810  | 0.87629  | 0.88121  | 0.88121  | 0.88128  | 0.88157  | 0.88161  | 0.67772  | 0.82648  | 0.92363  | 0.96853  | 0.99004  | 1.00000  | 0.98768  | 0.96001  |\n",
      "| R_7 | -0.12313 | 0.89898  | 0.89828  | 0.90221  | 0.90213  | 0.90231  | 0.90249  | 0.90254  | 0.63825  | 0.78434  | 0.88709  | 0.93733  | 0.96547  | 0.98768  | 1.00000  | 0.97248  |\n",
      "| R_8 | -0.11704 | 0.93320  | 0.93006  | 0.93188  | 0.93283  | 0.93296  | 0.93298  | 0.93298  | 0.59910  | 0.73644  | 0.84347  | 0.89696  | 0.92947  | 0.96001  | 0.97248  | 1.00000  |\n",
      "+-----+----------+----------+----------+----------+----------+----------+----------+----------+----------+----------+----------+----------+----------+----------+----------+----------+\n",
      "\n",
      ">>Samples per EOS: 10\n",
      "+-----+----------+---------+---------+---------+---------+---------+---------+----------+----------+----------+----------+----------+----------+----------+----------+----------+\n",
      "| i\\j |   M_1    |   M_2   |   M_3   |   M_4   |   M_5   |   M_6   |   M_7   |   M_8    |   R_1    |   R_2    |   R_3    |   R_4    |   R_5    |   R_6    |   R_7    |   R_8    |\n",
      "+-----+----------+---------+---------+---------+---------+---------+---------+----------+----------+----------+----------+----------+----------+----------+----------+----------+\n",
      "| M_1 | 1.00000  | 0.00157 | 0.01252 | 0.00525 | 0.01033 | 0.00413 | 0.00197 | -0.00486 | -0.02955 | -0.04203 | -0.02673 | -0.02255 | -0.01441 | -0.02314 | -0.01962 | -0.00524 |\n",
      "| M_2 | 0.00157  | 1.00000 | 0.43796 | 0.49002 | 0.50664 | 0.52402 | 0.54360 | 0.54411  | 0.29477  | 0.34778  | 0.41283  | 0.44342  | 0.46402  | 0.47387  | 0.48372  | 0.50844  |\n",
      "| M_3 | 0.01252  | 0.43796 | 1.00000 | 0.71085 | 0.73876 | 0.76376 | 0.77032 | 0.77861  | 0.39635  | 0.48249  | 0.57623  | 0.62045  | 0.65139  | 0.67744  | 0.69662  | 0.71969  |\n",
      "| M_4 | 0.00525  | 0.49002 | 0.71085 | 1.00000 | 0.82804 | 0.84987 | 0.86275 | 0.86807  | 0.45158  | 0.54553  | 0.65397  | 0.70548  | 0.73446  | 0.76556  | 0.78287  | 0.81065  |\n",
      "| M_5 | 0.01033  | 0.50664 | 0.73876 | 0.82804 | 1.00000 | 0.89016 | 0.90281 | 0.91267  | 0.47767  | 0.57373  | 0.68321  | 0.73598  | 0.76172  | 0.79273  | 0.80971  | 0.83708  |\n",
      "| M_6 | 0.00413  | 0.52402 | 0.76376 | 0.84987 | 0.89016 | 1.00000 | 0.92644 | 0.93666  | 0.49549  | 0.59770  | 0.71053  | 0.76506  | 0.78969  | 0.82278  | 0.84103  | 0.86711  |\n",
      "| M_7 | 0.00197  | 0.54360 | 0.77032 | 0.86275 | 0.90281 | 0.92644 | 1.00000 | 0.94946  | 0.50698  | 0.60939  | 0.72171  | 0.77467  | 0.80141  | 0.83362  | 0.85198  | 0.87723  |\n",
      "| M_8 | -0.00486 | 0.54411 | 0.77861 | 0.86807 | 0.91267 | 0.93666 | 0.94946 | 1.00000  | 0.51041  | 0.61113  | 0.72396  | 0.77911  | 0.80840  | 0.84095  | 0.85766  | 0.88661  |\n",
      "| R_1 | -0.02955 | 0.29477 | 0.39635 | 0.45158 | 0.47767 | 0.49549 | 0.50698 | 0.51041  | 1.00000  | 0.86577  | 0.78392  | 0.71445  | 0.68390  | 0.63841  | 0.60217  | 0.57116  |\n",
      "| R_2 | -0.04203 | 0.34778 | 0.48249 | 0.54553 | 0.57373 | 0.59770 | 0.60939 | 0.61113  | 0.86577  | 1.00000  | 0.89298  | 0.84674  | 0.81232  | 0.77033  | 0.73017  | 0.69086  |\n",
      "| R_3 | -0.02673 | 0.41283 | 0.57623 | 0.65397 | 0.68321 | 0.71053 | 0.72171 | 0.72396  | 0.78392  | 0.89298  | 1.00000  | 0.92262  | 0.89701  | 0.86729  | 0.83046  | 0.79147  |\n",
      "| R_4 | -0.02255 | 0.44342 | 0.62045 | 0.70548 | 0.73598 | 0.76506 | 0.77467 | 0.77911  | 0.71445  | 0.84674  | 0.92262  | 1.00000  | 0.93451  | 0.91335  | 0.88071  | 0.84594  |\n",
      "| R_5 | -0.01441 | 0.46402 | 0.65139 | 0.73446 | 0.76172 | 0.78969 | 0.80141 | 0.80840  | 0.68390  | 0.81232  | 0.89701  | 0.93451  | 1.00000  | 0.93465  | 0.90851  | 0.87510  |\n",
      "| R_6 | -0.02314 | 0.47387 | 0.67744 | 0.76556 | 0.79273 | 0.82278 | 0.83362 | 0.84095  | 0.63841  | 0.77033  | 0.86729  | 0.91335  | 0.93465  | 1.00000  | 0.93475  | 0.90512  |\n",
      "| R_7 | -0.01962 | 0.48372 | 0.69662 | 0.78287 | 0.80971 | 0.84103 | 0.85198 | 0.85766  | 0.60217  | 0.73017  | 0.83046  | 0.88071  | 0.90851  | 0.93475  | 1.00000  | 0.91626  |\n",
      "| R_8 | -0.00524 | 0.50844 | 0.71969 | 0.81065 | 0.83708 | 0.86711 | 0.87723 | 0.88661  | 0.57116  | 0.69086  | 0.79147  | 0.84594  | 0.87510  | 0.90512  | 0.91626  | 1.00000  |\n",
      "+-----+----------+---------+---------+---------+---------+---------+---------+----------+----------+----------+----------+----------+----------+----------+----------+----------+\n",
      "\n",
      ">>Samples per EOS: 100\n",
      "+-----+----------+---------+---------+---------+----------+---------+----------+----------+----------+----------+----------+----------+----------+----------+----------+----------+\n",
      "| i\\j |   M_1    |   M_2   |   M_3   |   M_4   |   M_5    |   M_6   |   M_7    |   M_8    |   R_1    |   R_2    |   R_3    |   R_4    |   R_5    |   R_6    |   R_7    |   R_8    |\n",
      "+-----+----------+---------+---------+---------+----------+---------+----------+----------+----------+----------+----------+----------+----------+----------+----------+----------+\n",
      "| M_1 | 1.00000  | 0.00079 | 0.00163 | 0.00205 | -0.00275 | 0.00056 | -0.00175 | -0.00148 | -0.01879 | -0.00862 | -0.00483 | -0.00263 | -0.00371 | -0.00362 | -0.00024 | -0.00134 |\n",
      "| M_2 | 0.00079  | 1.00000 | 0.43018 | 0.48074 | 0.50057  | 0.51277 | 0.52077  | 0.52617  | 0.27758  | 0.33966  | 0.40074  | 0.43134  | 0.44830  | 0.46853  | 0.47711  | 0.49147  |\n",
      "| M_3 | 0.00163  | 0.43018 | 1.00000 | 0.71591 | 0.75225  | 0.76764 | 0.77746  | 0.78417  | 0.40567  | 0.49379  | 0.58502  | 0.63410  | 0.66072  | 0.68820  | 0.70517  | 0.72737  |\n",
      "| M_4 | 0.00205  | 0.48074 | 0.71591 | 1.00000 | 0.83720  | 0.85360 | 0.86572  | 0.87373  | 0.45625  | 0.55598  | 0.65703  | 0.70750  | 0.73650  | 0.76552  | 0.78263  | 0.80532  |\n",
      "| M_5 | -0.00275 | 0.50057 | 0.75225 | 0.83720 | 1.00000  | 0.89556 | 0.90671  | 0.91443  | 0.48242  | 0.58373  | 0.68634  | 0.74079  | 0.77188  | 0.80242  | 0.82012  | 0.84433  |\n",
      "| M_6 | 0.00056  | 0.51277 | 0.76764 | 0.85360 | 0.89556  | 1.00000 | 0.92713  | 0.93499  | 0.49357  | 0.59681  | 0.70177  | 0.75723  | 0.78972  | 0.82032  | 0.83858  | 0.86303  |\n",
      "| M_7 | -0.00175 | 0.52077 | 0.77746 | 0.86572 | 0.90671  | 0.92713 | 1.00000  | 0.94792  | 0.50154  | 0.60425  | 0.71220  | 0.76796  | 0.80092  | 0.83185  | 0.85068  | 0.87524  |\n",
      "| M_8 | -0.00148 | 0.52617 | 0.78417 | 0.87373 | 0.91443  | 0.93499 | 0.94792  | 1.00000  | 0.50487  | 0.60952  | 0.71684  | 0.77402  | 0.80655  | 0.83768  | 0.85625  | 0.88214  |\n",
      "| R_1 | -0.01879 | 0.27758 | 0.40567 | 0.45625 | 0.48242  | 0.49357 | 0.50154  | 0.50487  | 1.00000  | 0.86675  | 0.77989  | 0.72146  | 0.68258  | 0.64517  | 0.60892  | 0.56862  |\n",
      "| R_2 | -0.00862 | 0.33966 | 0.49379 | 0.55598 | 0.58373  | 0.59681 | 0.60425  | 0.60952  | 0.86675  | 1.00000  | 0.89322  | 0.84902  | 0.81201  | 0.77537  | 0.73539  | 0.68796  |\n",
      "| R_3 | -0.00483 | 0.40074 | 0.58502 | 0.65703 | 0.68634  | 0.70177 | 0.71220  | 0.71684  | 0.77989  | 0.89322  | 1.00000  | 0.92129  | 0.89775  | 0.86861  | 0.83527  | 0.79029  |\n",
      "| R_4 | -0.00263 | 0.43134 | 0.63410 | 0.70750 | 0.74079  | 0.75723 | 0.76796  | 0.77402  | 0.72146  | 0.84902  | 0.92129  | 1.00000  | 0.93332  | 0.91488  | 0.88421  | 0.84313  |\n",
      "| R_5 | -0.00371 | 0.44830 | 0.66072 | 0.73650 | 0.77188  | 0.78972 | 0.80092  | 0.80655  | 0.68258  | 0.81201  | 0.89775  | 0.93332  | 1.00000  | 0.93607  | 0.91230  | 0.87513  |\n",
      "| R_6 | -0.00362 | 0.46853 | 0.68820 | 0.76552 | 0.80242  | 0.82032 | 0.83185  | 0.83768  | 0.64517  | 0.77537  | 0.86861  | 0.91488  | 0.93607  | 1.00000  | 0.93420  | 0.90460  |\n",
      "| R_7 | -0.00024 | 0.47711 | 0.70517 | 0.78263 | 0.82012  | 0.83858 | 0.85068  | 0.85625  | 0.60892  | 0.73539  | 0.83527  | 0.88421  | 0.91230  | 0.93420  | 1.00000  | 0.91531  |\n",
      "| R_8 | -0.00134 | 0.49147 | 0.72737 | 0.80532 | 0.84433  | 0.86303 | 0.87524  | 0.88214  | 0.56862  | 0.68796  | 0.79029  | 0.84313  | 0.87513  | 0.90460  | 0.91531  | 1.00000  |\n",
      "+-----+----------+---------+---------+---------+----------+---------+----------+----------+----------+----------+----------+----------+----------+----------+----------+----------+\n",
      "\n",
      ">AFTER ROWWISE SHUFFLING\n",
      "\n",
      "\n",
      ">>Samples per EOS: 1\n",
      "+-----+----------+----------+----------+----------+----------+----------+----------+----------+----------+---------+----------+----------+---------+---------+----------+----------+\n",
      "| i\\j |   M_1    |   M_2    |   M_3    |   M_4    |   M_5    |   M_6    |   M_7    |   M_8    |   R_1    |   R_2   |   R_3    |   R_4    |   R_5   |   R_6   |   R_7    |   R_8    |\n",
      "+-----+----------+----------+----------+----------+----------+----------+----------+----------+----------+---------+----------+----------+---------+---------+----------+----------+\n",
      "| M_1 | 1.00000  | 0.05601  | 0.06657  | -0.09794 | 0.03943  | -0.03566 | -0.06540 | 0.02003  | -0.03991 | 0.32843 | 0.27696  | 0.27105  | 0.28258 | 0.30747 | 0.28544  | 0.29954  |\n",
      "| M_2 | 0.05601  | 1.00000  | 0.03960  | -0.03010 | 0.12234  | 0.01729  | -0.04845 | 0.10768  | 0.40988  | 0.09712 | 0.34145  | 0.32909  | 0.32776 | 0.34528 | 0.37590  | 0.36585  |\n",
      "| M_3 | 0.06657  | 0.03960  | 1.00000  | -0.08119 | 0.02244  | -0.03863 | 0.01147  | 0.07667  | 0.29043  | 0.27392 | -0.02702 | 0.34963  | 0.27075 | 0.30984 | 0.30798  | 0.28791  |\n",
      "| M_4 | -0.09794 | -0.03010 | -0.08119 | 1.00000  | 0.04516  | 0.04078  | 0.01720  | -0.03541 | 0.24218  | 0.27271 | 0.28535  | -0.09970 | 0.25731 | 0.23419 | 0.28752  | 0.24272  |\n",
      "| M_5 | 0.03943  | 0.12234  | 0.02244  | 0.04516  | 1.00000  | -0.03017 | 0.04231  | 0.07166  | 0.37849  | 0.40542 | 0.38650  | 0.35637  | 0.09193 | 0.38648 | 0.36788  | 0.37071  |\n",
      "| M_6 | -0.03566 | 0.01729  | -0.03863 | 0.04078  | -0.03017 | 1.00000  | -0.00753 | -0.00274 | 0.27318  | 0.24992 | 0.26867  | 0.24091  | 0.32594 | 0.00888 | 0.27337  | 0.26934  |\n",
      "| M_7 | -0.06540 | -0.04845 | 0.01147  | 0.01720  | 0.04231  | -0.00753 | 1.00000  | 0.07656  | 0.31219  | 0.29386 | 0.29351  | 0.26957  | 0.29339 | 0.29051 | -0.02013 | 0.23898  |\n",
      "| M_8 | 0.02003  | 0.10768  | 0.07667  | -0.03541 | 0.07166  | -0.00274 | 0.07656  | 1.00000  | 0.30250  | 0.33787 | 0.28977  | 0.30529  | 0.34256 | 0.34926 | 0.29282  | -0.00011 |\n",
      "| R_1 | -0.03991 | 0.40988  | 0.29043  | 0.24218  | 0.37849  | 0.27318  | 0.31219  | 0.30250  | 1.00000  | 0.71735 | 0.70656  | 0.69590  | 0.71833 | 0.73138 | 0.72296  | 0.69279  |\n",
      "| R_2 | 0.32843  | 0.09712  | 0.27392  | 0.27271  | 0.40542  | 0.24992  | 0.29386  | 0.33787  | 0.71735  | 1.00000 | 0.73492  | 0.71044  | 0.76127 | 0.77084 | 0.72766  | 0.70288  |\n",
      "| R_3 | 0.27696  | 0.34145  | -0.02702 | 0.28535  | 0.38650  | 0.26867  | 0.29351  | 0.28977  | 0.70656  | 0.73492 | 1.00000  | 0.62512  | 0.73590 | 0.71144 | 0.71454  | 0.70243  |\n",
      "| R_4 | 0.27105  | 0.32909  | 0.34963  | -0.09970 | 0.35637  | 0.24091  | 0.26957  | 0.30529  | 0.69590  | 0.71044 | 0.62512  | 1.00000  | 0.70168 | 0.70759 | 0.68306  | 0.71134  |\n",
      "| R_5 | 0.28258  | 0.32776  | 0.27075  | 0.25731  | 0.09193  | 0.32594  | 0.29339  | 0.34256  | 0.71833  | 0.76127 | 0.73590  | 0.70168  | 1.00000 | 0.74431 | 0.74889  | 0.72038  |\n",
      "| R_6 | 0.30747  | 0.34528  | 0.30984  | 0.23419  | 0.38648  | 0.00888  | 0.29051  | 0.34926  | 0.73138  | 0.77084 | 0.71144  | 0.70759  | 0.74431 | 1.00000 | 0.74048  | 0.72005  |\n",
      "| R_7 | 0.28544  | 0.37590  | 0.30798  | 0.28752  | 0.36788  | 0.27337  | -0.02013 | 0.29282  | 0.72296  | 0.72766 | 0.71454  | 0.68306  | 0.74889 | 0.74048 | 1.00000  | 0.73575  |\n",
      "| R_8 | 0.29954  | 0.36585  | 0.28791  | 0.24272  | 0.37071  | 0.26934  | 0.23898  | -0.00011 | 0.69279  | 0.70288 | 0.70243  | 0.71134  | 0.72038 | 0.72005 | 0.73575  | 1.00000  |\n",
      "+-----+----------+----------+----------+----------+----------+----------+----------+----------+----------+---------+----------+----------+---------+---------+----------+----------+\n",
      "\n",
      ">>Samples per EOS: 10\n",
      "+-----+----------+----------+----------+----------+----------+----------+----------+----------+---------+---------+----------+---------+----------+----------+---------+----------+\n",
      "| i\\j |   M_1    |   M_2    |   M_3    |   M_4    |   M_5    |   M_6    |   M_7    |   M_8    |   R_1   |   R_2   |   R_3    |   R_4   |   R_5    |   R_6    |   R_7   |   R_8    |\n",
      "+-----+----------+----------+----------+----------+----------+----------+----------+----------+---------+---------+----------+---------+----------+----------+---------+----------+\n",
      "| M_1 | 1.00000  | 0.03713  | 0.01856  | -0.00434 | 0.04081  | 0.01553  | 0.05570  | 0.02182  | 0.03617 | 0.32983 | 0.33803  | 0.33360 | 0.32040  | 0.33819  | 0.31646 | 0.33752  |\n",
      "| M_2 | 0.03713  | 1.00000  | 0.04542  | -0.00053 | 0.01475  | 0.01364  | 0.04348  | -0.00103 | 0.30404 | 0.01806 | 0.30991  | 0.31672 | 0.31122  | 0.30822  | 0.31664 | 0.31406  |\n",
      "| M_3 | 0.01856  | 0.04542  | 1.00000  | -0.00618 | -0.03252 | -0.01777 | 0.02454  | -0.00095 | 0.28218 | 0.28463 | -0.02448 | 0.28689 | 0.28841  | 0.28614  | 0.30383 | 0.27402  |\n",
      "| M_4 | -0.00434 | -0.00053 | -0.00618 | 1.00000  | 0.01293  | 0.02327  | 0.03745  | 0.00702  | 0.29972 | 0.29075 | 0.28636  | 0.00260 | 0.27721  | 0.28182  | 0.27982 | 0.27790  |\n",
      "| M_5 | 0.04081  | 0.01475  | -0.03252 | 0.01293  | 1.00000  | -0.00725 | 0.02271  | 0.02806  | 0.27669 | 0.28254 | 0.28941  | 0.28371 | -0.01022 | 0.29142  | 0.29082 | 0.27608  |\n",
      "| M_6 | 0.01553  | 0.01364  | -0.01777 | 0.02327  | -0.00725 | 1.00000  | 0.01308  | 0.01420  | 0.29341 | 0.29632 | 0.29514  | 0.28794 | 0.29432  | -0.01538 | 0.28326 | 0.29406  |\n",
      "| M_7 | 0.05570  | 0.04348  | 0.02454  | 0.03745  | 0.02271  | 0.01308  | 1.00000  | -0.02057 | 0.29452 | 0.29066 | 0.30699  | 0.29714 | 0.30143  | 0.28572  | 0.01423 | 0.31526  |\n",
      "| M_8 | 0.02182  | -0.00103 | -0.00095 | 0.00702  | 0.02806  | 0.01420  | -0.02057 | 1.00000  | 0.29589 | 0.27972 | 0.26781  | 0.28218 | 0.28666  | 0.28721  | 0.28516 | -0.02270 |\n",
      "| R_1 | 0.03617  | 0.30404  | 0.28218  | 0.29972  | 0.27669  | 0.29341  | 0.29452  | 0.29589  | 1.00000 | 0.68285 | 0.67472  | 0.68355 | 0.68525  | 0.67236  | 0.69078 | 0.67367  |\n",
      "| R_2 | 0.32983  | 0.01806  | 0.28463  | 0.29075  | 0.28254  | 0.29632  | 0.29066  | 0.27972  | 0.68285 | 1.00000 | 0.67747  | 0.68113 | 0.68110  | 0.67301  | 0.68738 | 0.67466  |\n",
      "| R_3 | 0.33803  | 0.30991  | -0.02448 | 0.28636  | 0.28941  | 0.29514  | 0.30699  | 0.26781  | 0.67472 | 0.67747 | 1.00000  | 0.68179 | 0.67257  | 0.66914  | 0.66293 | 0.67850  |\n",
      "| R_4 | 0.33360  | 0.31672  | 0.28689  | 0.00260  | 0.28371  | 0.28794  | 0.29714  | 0.28218  | 0.68355 | 0.68113 | 0.68179  | 1.00000 | 0.70171  | 0.68797  | 0.68905 | 0.69404  |\n",
      "| R_5 | 0.32040  | 0.31122  | 0.28841  | 0.27721  | -0.01022 | 0.29432  | 0.30143  | 0.28666  | 0.68525 | 0.68110 | 0.67257  | 0.70171 | 1.00000  | 0.67606  | 0.68725 | 0.68506  |\n",
      "| R_6 | 0.33819  | 0.30822  | 0.28614  | 0.28182  | 0.29142  | -0.01538 | 0.28572  | 0.28721  | 0.67236 | 0.67301 | 0.66914  | 0.68797 | 0.67606  | 1.00000  | 0.68553 | 0.67167  |\n",
      "| R_7 | 0.31646  | 0.31664  | 0.30383  | 0.27982  | 0.29082  | 0.28326  | 0.01423  | 0.28516  | 0.69078 | 0.68738 | 0.66293  | 0.68905 | 0.68725  | 0.68553  | 1.00000 | 0.67004  |\n",
      "| R_8 | 0.33752  | 0.31406  | 0.27402  | 0.27790  | 0.27608  | 0.29406  | 0.31526  | -0.02270 | 0.67367 | 0.67466 | 0.67850  | 0.69404 | 0.68506  | 0.67167  | 0.67004 | 1.00000  |\n",
      "+-----+----------+----------+----------+----------+----------+----------+----------+----------+---------+---------+----------+---------+----------+----------+---------+----------+\n",
      "\n",
      ">>Samples per EOS: 100\n",
      "+-----+----------+----------+----------+---------+----------+---------+---------+---------+----------+----------+----------+---------+----------+---------+---------+---------+\n",
      "| i\\j |   M_1    |   M_2    |   M_3    |   M_4   |   M_5    |   M_6   |   M_7   |   M_8   |   R_1    |   R_2    |   R_3    |   R_4   |   R_5    |   R_6   |   R_7   |   R_8   |\n",
      "+-----+----------+----------+----------+---------+----------+---------+---------+---------+----------+----------+----------+---------+----------+---------+---------+---------+\n",
      "| M_1 | 1.00000  | 0.01323  | 0.00610  | 0.00956 | 0.00747  | 0.00299 | 0.02167 | 0.01552 | -0.01479 | 0.28711  | 0.28805  | 0.29139 | 0.28569  | 0.28369 | 0.28671 | 0.28801 |\n",
      "| M_2 | 0.01323  | 1.00000  | 0.00224  | 0.01012 | 0.02465  | 0.00977 | 0.01348 | 0.00408 | 0.29486  | -0.00512 | 0.29445  | 0.29259 | 0.28795  | 0.29764 | 0.29197 | 0.28981 |\n",
      "| M_3 | 0.00610  | 0.00224  | 1.00000  | 0.02025 | 0.00544  | 0.01338 | 0.00928 | 0.01163 | 0.29018  | 0.28684  | -0.00779 | 0.28609 | 0.29290  | 0.28694 | 0.29113 | 0.29283 |\n",
      "| M_4 | 0.00956  | 0.01012  | 0.02025  | 1.00000 | 0.01058  | 0.01922 | 0.03021 | 0.01780 | 0.30622  | 0.30781  | 0.29986  | 0.00800 | 0.30483  | 0.30236 | 0.30672 | 0.30471 |\n",
      "| M_5 | 0.00747  | 0.02465  | 0.00544  | 0.01058 | 1.00000  | 0.02054 | 0.01206 | 0.01119 | 0.29196  | 0.29415  | 0.29371  | 0.29781 | -0.00109 | 0.29435 | 0.29240 | 0.29474 |\n",
      "| M_6 | 0.00299  | 0.00977  | 0.01338  | 0.01922 | 0.02054  | 1.00000 | 0.02386 | 0.01942 | 0.29849  | 0.29921  | 0.30001  | 0.29079 | 0.29789  | 0.00130 | 0.29654 | 0.30026 |\n",
      "| M_7 | 0.02167  | 0.01348  | 0.00928  | 0.03021 | 0.01206  | 0.02386 | 1.00000 | 0.01502 | 0.29657  | 0.30304  | 0.30396  | 0.30269 | 0.30024  | 0.30137 | 0.01333 | 0.30416 |\n",
      "| M_8 | 0.01552  | 0.00408  | 0.01163  | 0.01780 | 0.01119  | 0.01942 | 0.01502 | 1.00000 | 0.29863  | 0.29629  | 0.30095  | 0.29995 | 0.30398  | 0.29937 | 0.30468 | 0.00338 |\n",
      "| R_1 | -0.01479 | 0.29486  | 0.29018  | 0.30622 | 0.29196  | 0.29849 | 0.29657 | 0.29863 | 1.00000  | 0.67697  | 0.67774  | 0.67508 | 0.68427  | 0.68012 | 0.68316 | 0.67917 |\n",
      "| R_2 | 0.28711  | -0.00512 | 0.28684  | 0.30781 | 0.29415  | 0.29921 | 0.30304 | 0.29629 | 0.67697  | 1.00000  | 0.67909  | 0.67476 | 0.68092  | 0.67782 | 0.68411 | 0.68111 |\n",
      "| R_3 | 0.28805  | 0.29445  | -0.00779 | 0.29986 | 0.29371  | 0.30001 | 0.30396 | 0.30095 | 0.67774  | 0.67909  | 1.00000  | 0.68218 | 0.68243  | 0.68360 | 0.68390 | 0.68241 |\n",
      "| R_4 | 0.29139  | 0.29259  | 0.28609  | 0.00800 | 0.29781  | 0.29079 | 0.30269 | 0.29995 | 0.67508  | 0.67476  | 0.68218  | 1.00000 | 0.67843  | 0.68427 | 0.68056 | 0.68045 |\n",
      "| R_5 | 0.28569  | 0.28795  | 0.29290  | 0.30483 | -0.00109 | 0.29789 | 0.30024 | 0.30398 | 0.68427  | 0.68092  | 0.68243  | 0.67843 | 1.00000  | 0.68393 | 0.68754 | 0.68175 |\n",
      "| R_6 | 0.28369  | 0.29764  | 0.28694  | 0.30236 | 0.29435  | 0.00130 | 0.30137 | 0.29937 | 0.68012  | 0.67782  | 0.68360  | 0.68427 | 0.68393  | 1.00000 | 0.68544 | 0.67871 |\n",
      "| R_7 | 0.28671  | 0.29197  | 0.29113  | 0.30672 | 0.29240  | 0.29654 | 0.01333 | 0.30468 | 0.68316  | 0.68411  | 0.68390  | 0.68056 | 0.68754  | 0.68544 | 1.00000 | 0.68198 |\n",
      "| R_8 | 0.28801  | 0.28981  | 0.29283  | 0.30471 | 0.29474  | 0.30026 | 0.30416 | 0.00338 | 0.67917  | 0.68111  | 0.68241  | 0.68045 | 0.68175  | 0.67871 | 0.68198 | 1.00000 |\n",
      "+-----+----------+----------+----------+---------+----------+---------+---------+---------+----------+----------+----------+---------+----------+---------+---------+---------+\n"
     ]
    }
   ],
   "source": [
    "# Calculating and printing the Pearson's correlation results for the whole of explanatory data\n",
    "# 8 M-R POINTS\n",
    "\n",
    "print(\">PEARSON'S CORRELATION RESULTS\")\n",
    "print(\">>Dataframe: All explanatory data\")\n",
    "print(\">>Columns: 16\")\n",
    "\n",
    "print(\"\\n>BEFORE ROWWISE SHUFFLING\\n\")\n",
    "\n",
    "print(\"\\n>>Samples per EOS: 1\")\n",
    "check_linear_corr(filename=\"linNS_reg_data_pp8mr8s1.csv\",mag_check=\"both\")\n",
    "\n",
    "print(\"\\n>>Samples per EOS: 10\")\n",
    "check_linear_corr(filename=\"linNS_reg_data_pp8mr8s10.csv\",mag_check=\"both\")\n",
    "\n",
    "print(\"\\n>>Samples per EOS: 100\")\n",
    "check_linear_corr(filename=\"linNS_reg_data_pp8mr8s100.csv\",mag_check=\"both\")\n",
    "\n",
    "print(\"\\n>AFTER ROWWISE SHUFFLING\\n\")\n",
    "\n",
    "print(\"\\n>>Samples per EOS: 1\")\n",
    "check_linear_corr(filename=\"linNS_reg_data_pp8mr8s1_rwshuffled.csv\",mag_check=\"both\")\n",
    "\n",
    "print(\"\\n>>Samples per EOS: 10\")\n",
    "check_linear_corr(filename=\"linNS_reg_data_pp8mr8s10_rwshuffled.csv\",mag_check=\"both\")\n",
    "\n",
    "print(\"\\n>>Samples per EOS: 100\")\n",
    "check_linear_corr(filename=\"linNS_reg_data_pp8mr8s100_rwshuffled.csv\",mag_check=\"both\")"
   ]
  },
  {
   "cell_type": "code",
   "execution_count": 3,
   "metadata": {},
   "outputs": [
    {
     "name": "stdout",
     "output_type": "stream",
     "text": [
      ">PEARSON'S CORRELATION RESULTS\n",
      ">>Dataframe: All explanatory data\n",
      ">>Columns: 32\n",
      "\n",
      ">BEFORE ROWWISE SHUFFLING\n",
      "\n",
      "\n",
      ">>Samples per EOS: 1\n",
      "+------+----------+---------+----------+----------+----------+----------+----------+----------+----------+----------+----------+----------+----------+----------+----------+----------+----------+----------+----------+----------+----------+----------+----------+----------+----------+----------+----------+----------+----------+----------+----------+----------+\n",
      "| i\\j  |   M_1    |   M_2   |   M_3    |   M_4    |   M_5    |   M_6    |   M_7    |   M_8    |   M_9    |   M_10   |   M_11   |   M_12   |   M_13   |   M_14   |   M_15   |   M_16   |   R_1    |   R_2    |   R_3    |   R_4    |   R_5    |   R_6    |   R_7    |   R_8    |   R_9    |   R_10   |   R_11   |   R_12   |   R_13   |   R_14   |   R_15   |   R_16   |\n",
      "+------+----------+---------+----------+----------+----------+----------+----------+----------+----------+----------+----------+----------+----------+----------+----------+----------+----------+----------+----------+----------+----------+----------+----------+----------+----------+----------+----------+----------+----------+----------+----------+----------+\n",
      "| M_1  | 1.00000  | 0.02167 | -0.04029 | -0.05528 | -0.06846 | -0.07332 | -0.07778 | -0.08083 | -0.08235 | -0.08403 | -0.08526 | -0.08614 | -0.08719 | -0.08806 | -0.08869 | -0.08930 | -0.44421 | -0.34759 | -0.28599 | -0.24194 | -0.21505 | -0.19605 | -0.18056 | -0.16869 | -0.16071 | -0.15228 | -0.14430 | -0.13704 | -0.13244 | -0.12015 | -0.05758 | -0.11704 |\n",
      "| M_2  | 0.02167  | 1.00000 | 0.95398  | 0.96150  | 0.95680  | 0.96108  | 0.95891  | 0.95871  | 0.95925  | 0.95897  | 0.95903  | 0.95914  | 0.95906  | 0.95895  | 0.95885  | 0.95878  | 0.46365  | 0.47982  | 0.58026  | 0.64767  | 0.69442  | 0.72676  | 0.75289  | 0.77330  | 0.78907  | 0.80283  | 0.81468  | 0.83084  | 0.84064  | 0.85031  | 0.79628  | 0.87974  |\n",
      "| M_3  | -0.04029 | 0.95398 | 1.00000  | 0.98851  | 0.99115  | 0.99148  | 0.99175  | 0.99147  | 0.99188  | 0.99176  | 0.99153  | 0.99151  | 0.99137  | 0.99137  | 0.99137  | 0.99134  | 0.50979  | 0.52904  | 0.62556  | 0.69354  | 0.73977  | 0.77026  | 0.79515  | 0.81435  | 0.82896  | 0.84243  | 0.85440  | 0.87197  | 0.88145  | 0.89200  | 0.82138  | 0.92253  |\n",
      "| M_4  | -0.05528 | 0.96150 | 0.98851  | 1.00000  | 0.99643  | 0.99714  | 0.99727  | 0.99730  | 0.99708  | 0.99723  | 0.99729  | 0.99729  | 0.99728  | 0.99724  | 0.99721  | 0.99719  | 0.51585  | 0.53508  | 0.63316  | 0.70066  | 0.74722  | 0.77819  | 0.80359  | 0.82344  | 0.83839  | 0.85142  | 0.86310  | 0.88010  | 0.88958  | 0.89851  | 0.83270  | 0.92704  |\n",
      "| M_5  | -0.06846 | 0.95680 | 0.99115  | 0.99643  | 1.00000  | 0.99786  | 0.99852  | 0.99855  | 0.99865  | 0.99888  | 0.99879  | 0.99882  | 0.99881  | 0.99878  | 0.99876  | 0.99875  | 0.52174  | 0.53951  | 0.63644  | 0.70320  | 0.74941  | 0.78047  | 0.80687  | 0.82770  | 0.84335  | 0.85699  | 0.86902  | 0.88554  | 0.89508  | 0.90388  | 0.83566  | 0.93295  |\n",
      "| M_6  | -0.07332 | 0.96108 | 0.99148  | 0.99714  | 0.99786  | 1.00000  | 0.99930  | 0.99943  | 0.99947  | 0.99938  | 0.99942  | 0.99941  | 0.99939  | 0.99939  | 0.99938  | 0.99937  | 0.52008  | 0.53654  | 0.63313  | 0.69969  | 0.74581  | 0.77704  | 0.80316  | 0.82390  | 0.83946  | 0.85315  | 0.86525  | 0.88136  | 0.89093  | 0.90130  | 0.83176  | 0.93102  |\n",
      "| M_7  | -0.07778 | 0.95891 | 0.99175  | 0.99727  | 0.99852  | 0.99930  | 1.00000  | 0.99969  | 0.99970  | 0.99974  | 0.99969  | 0.99971  | 0.99968  | 0.99968  | 0.99968  | 0.99968  | 0.52189  | 0.53830  | 0.63461  | 0.70106  | 0.74710  | 0.77817  | 0.80438  | 0.82510  | 0.84065  | 0.85436  | 0.86639  | 0.88255  | 0.89202  | 0.90198  | 0.83346  | 0.93156  |\n",
      "| M_8  | -0.08083 | 0.95871 | 0.99147  | 0.99730  | 0.99855  | 0.99943  | 0.99969  | 1.00000  | 0.99981  | 0.99979  | 0.99983  | 0.99982  | 0.99981  | 0.99981  | 0.99980  | 0.99980  | 0.52496  | 0.54115  | 0.63714  | 0.70333  | 0.74920  | 0.78015  | 0.80620  | 0.82689  | 0.84255  | 0.85625  | 0.86833  | 0.88445  | 0.89393  | 0.90357  | 0.83409  | 0.93362  |\n",
      "| M_9  | -0.08235 | 0.95925 | 0.99188  | 0.99708  | 0.99865  | 0.99947  | 0.99970  | 0.99981  | 1.00000  | 0.99990  | 0.99992  | 0.99990  | 0.99990  | 0.99990  | 0.99990  | 0.99990  | 0.52470  | 0.54039  | 0.63619  | 0.70231  | 0.74817  | 0.77911  | 0.80518  | 0.82587  | 0.84160  | 0.85539  | 0.86743  | 0.88348  | 0.89299  | 0.90265  | 0.83341  | 0.93280  |\n",
      "| M_10 | -0.08403 | 0.95897 | 0.99176  | 0.99723  | 0.99888  | 0.99938  | 0.99974  | 0.99979  | 0.99990  | 1.00000  | 0.99995  | 0.99997  | 0.99996  | 0.99996  | 0.99996  | 0.99995  | 0.52613  | 0.54167  | 0.63729  | 0.70323  | 0.74894  | 0.77970  | 0.80565  | 0.82624  | 0.84188  | 0.85559  | 0.86761  | 0.88382  | 0.89328  | 0.90264  | 0.83373  | 0.93226  |\n",
      "| M_11 | -0.08526 | 0.95903 | 0.99153  | 0.99729  | 0.99879  | 0.99942  | 0.99969  | 0.99983  | 0.99992  | 0.99995  | 1.00000  | 0.99998  | 0.99998  | 0.99998  | 0.99998  | 0.99998  | 0.52620  | 0.54171  | 0.63736  | 0.70333  | 0.74907  | 0.77990  | 0.80588  | 0.82650  | 0.84215  | 0.85586  | 0.86787  | 0.88409  | 0.89356  | 0.90294  | 0.83382  | 0.93285  |\n",
      "| M_12 | -0.08614 | 0.95914 | 0.99151  | 0.99729  | 0.99882  | 0.99941  | 0.99971  | 0.99982  | 0.99990  | 0.99997  | 0.99998  | 1.00000  | 0.99999  | 0.99999  | 0.99999  | 0.99999  | 0.52700  | 0.54241  | 0.63796  | 0.70383  | 0.74949  | 0.78025  | 0.80617  | 0.82675  | 0.84238  | 0.85607  | 0.86806  | 0.88425  | 0.89372  | 0.90303  | 0.83390  | 0.93283  |\n",
      "| M_13 | -0.08719 | 0.95906 | 0.99137  | 0.99728  | 0.99881  | 0.99939  | 0.99968  | 0.99981  | 0.99990  | 0.99996  | 0.99998  | 0.99999  | 1.00000  | 1.00000  | 1.00000  | 0.99999  | 0.52745  | 0.54278  | 0.63830  | 0.70415  | 0.74981  | 0.78057  | 0.80650  | 0.82708  | 0.84270  | 0.85638  | 0.86837  | 0.88454  | 0.89399  | 0.90326  | 0.83397  | 0.93300  |\n",
      "| M_14 | -0.08806 | 0.95895 | 0.99137  | 0.99724  | 0.99878  | 0.99939  | 0.99968  | 0.99981  | 0.99990  | 0.99996  | 0.99998  | 0.99999  | 1.00000  | 1.00000  | 1.00000  | 1.00000  | 0.52784  | 0.54307  | 0.63853  | 0.70433  | 0.74996  | 0.78069  | 0.80659  | 0.82716  | 0.84277  | 0.85644  | 0.86841  | 0.88457  | 0.89401  | 0.90334  | 0.83388  | 0.93300  |\n",
      "| M_15 | -0.08869 | 0.95885 | 0.99137  | 0.99721  | 0.99876  | 0.99938  | 0.99968  | 0.99980  | 0.99990  | 0.99996  | 0.99998  | 0.99999  | 1.00000  | 1.00000  | 1.00000  | 1.00000  | 0.52798  | 0.54316  | 0.63857  | 0.70435  | 0.74996  | 0.78068  | 0.80658  | 0.82713  | 0.84274  | 0.85640  | 0.86837  | 0.88453  | 0.89397  | 0.90330  | 0.83389  | 0.93295  |\n",
      "| M_16 | -0.08930 | 0.95878 | 0.99134  | 0.99719  | 0.99875  | 0.99937  | 0.99968  | 0.99980  | 0.99990  | 0.99995  | 0.99998  | 0.99999  | 0.99999  | 1.00000  | 1.00000  | 1.00000  | 0.52824  | 0.54335  | 0.63872  | 0.70447  | 0.75006  | 0.78077  | 0.80665  | 0.82720  | 0.84280  | 0.85646  | 0.86842  | 0.88458  | 0.89401  | 0.90333  | 0.83387  | 0.93298  |\n",
      "| R_1  | -0.44421 | 0.46365 | 0.50979  | 0.51585  | 0.52174  | 0.52008  | 0.52189  | 0.52496  | 0.52470  | 0.52613  | 0.52620  | 0.52700  | 0.52745  | 0.52784  | 0.52798  | 0.52824  | 1.00000  | 0.97950  | 0.92766  | 0.87852  | 0.83705  | 0.80370  | 0.77495  | 0.74890  | 0.72803  | 0.70857  | 0.69054  | 0.67297  | 0.65699  | 0.63424  | 0.59321  | 0.59910  |\n",
      "| R_2  | -0.34759 | 0.47982 | 0.52904  | 0.53508  | 0.53951  | 0.53654  | 0.53830  | 0.54115  | 0.54039  | 0.54167  | 0.54171  | 0.54241  | 0.54278  | 0.54307  | 0.54316  | 0.54335  | 0.97950  | 1.00000  | 0.97484  | 0.93477  | 0.89490  | 0.86126  | 0.83105  | 0.80274  | 0.77988  | 0.75865  | 0.73893  | 0.71877  | 0.70063  | 0.67576  | 0.64110  | 0.63259  |\n",
      "| R_3  | -0.28599 | 0.58026 | 0.62556  | 0.63316  | 0.63644  | 0.63313  | 0.63461  | 0.63714  | 0.63619  | 0.63729  | 0.63736  | 0.63796  | 0.63830  | 0.63853  | 0.63857  | 0.63872  | 0.92766  | 0.97484  | 1.00000  | 0.98667  | 0.96173  | 0.93755  | 0.91364  | 0.88937  | 0.86911  | 0.84983  | 0.83164  | 0.81219  | 0.79467  | 0.77080  | 0.73339  | 0.72746  |\n",
      "| R_4  | -0.24194 | 0.64767 | 0.69354  | 0.70066  | 0.70320  | 0.69969  | 0.70106  | 0.70333  | 0.70231  | 0.70323  | 0.70333  | 0.70383  | 0.70415  | 0.70433  | 0.70435  | 0.70447  | 0.87852  | 0.93477  | 0.98667  | 1.00000  | 0.99222  | 0.97816  | 0.96108  | 0.94145  | 0.92428  | 0.90737  | 0.89099  | 0.87290  | 0.85631  | 0.83379  | 0.79247  | 0.79182  |\n",
      "| R_5  | -0.21505 | 0.69442 | 0.73977  | 0.74722  | 0.74941  | 0.74581  | 0.74710  | 0.74920  | 0.74817  | 0.74894  | 0.74907  | 0.74949  | 0.74981  | 0.74996  | 0.74996  | 0.75006  | 0.83705  | 0.89490  | 0.96173  | 0.99222  | 1.00000  | 0.99572  | 0.98536  | 0.97053  | 0.95666  | 0.94228  | 0.92787  | 0.91128  | 0.89583  | 0.87457  | 0.83015  | 0.83428  |\n",
      "| R_6  | -0.19605 | 0.72676 | 0.77026  | 0.77819  | 0.78047  | 0.77704  | 0.77817  | 0.78015  | 0.77911  | 0.77970  | 0.77990  | 0.78025  | 0.78057  | 0.78069  | 0.78068  | 0.78077  | 0.80370  | 0.86126  | 0.93755  | 0.97816  | 0.99572  | 1.00000  | 0.99627  | 0.98623  | 0.97559  | 0.96366  | 0.95117  | 0.93594  | 0.92160  | 0.90148  | 0.85380  | 0.86271  |\n",
      "| R_7  | -0.18056 | 0.75289 | 0.79515  | 0.80359  | 0.80687  | 0.80316  | 0.80438  | 0.80620  | 0.80518  | 0.80565  | 0.80588  | 0.80617  | 0.80650  | 0.80659  | 0.80658  | 0.80665  | 0.77495  | 0.83105  | 0.91364  | 0.96108  | 0.98536  | 0.99627  | 1.00000  | 0.99639  | 0.98966  | 0.98061  | 0.97028  | 0.95665  | 0.94356  | 0.92437  | 0.87329  | 0.88706  |\n",
      "| R_8  | -0.16869 | 0.77330 | 0.81435  | 0.82344  | 0.82770  | 0.82390  | 0.82510  | 0.82689  | 0.82587  | 0.82624  | 0.82650  | 0.82675  | 0.82708  | 0.82716  | 0.82713  | 0.82720  | 0.74890  | 0.80274  | 0.88937  | 0.94145  | 0.97053  | 0.98623  | 0.99639  | 1.00000  | 0.99773  | 0.99196  | 0.98409  | 0.97223  | 0.96060  | 0.94241  | 0.88845  | 0.90682  |\n",
      "| R_9  | -0.16071 | 0.78907 | 0.82896  | 0.83839  | 0.84335  | 0.83946  | 0.84065  | 0.84255  | 0.84160  | 0.84188  | 0.84215  | 0.84238  | 0.84270  | 0.84277  | 0.84274  | 0.84280  | 0.72803  | 0.77988  | 0.86911  | 0.92428  | 0.95666  | 0.97559  | 0.98966  | 0.99773  | 1.00000  | 0.99789  | 0.99273  | 0.98282  | 0.97280  | 0.95558  | 0.89895  | 0.92178  |\n",
      "| R_10 | -0.15228 | 0.80283 | 0.84243  | 0.85142  | 0.85699  | 0.85315  | 0.85436  | 0.85625  | 0.85539  | 0.85559  | 0.85586  | 0.85607  | 0.85638  | 0.85644  | 0.85640  | 0.85646  | 0.70857  | 0.75865  | 0.84983  | 0.90737  | 0.94228  | 0.96366  | 0.98061  | 0.99196  | 0.99789  | 1.00000  | 0.99821  | 0.99082  | 0.98280  | 0.96674  | 0.90708  | 0.93558  |\n",
      "| R_11 | -0.14430 | 0.81468 | 0.85440  | 0.86310  | 0.86902  | 0.86525  | 0.86639  | 0.86833  | 0.86743  | 0.86761  | 0.86787  | 0.86806  | 0.86837  | 0.86841  | 0.86837  | 0.86842  | 0.69054  | 0.73893  | 0.83164  | 0.89099  | 0.92787  | 0.95117  | 0.97028  | 0.98409  | 0.99273  | 0.99821  | 1.00000  | 0.99577  | 0.99014  | 0.97550  | 0.91277  | 0.94791  |\n",
      "| R_12 | -0.13704 | 0.83084 | 0.87197  | 0.88010  | 0.88554  | 0.88136  | 0.88255  | 0.88445  | 0.88348  | 0.88382  | 0.88409  | 0.88425  | 0.88454  | 0.88457  | 0.88453  | 0.88458  | 0.67297  | 0.71877  | 0.81219  | 0.87290  | 0.91128  | 0.93594  | 0.95665  | 0.97223  | 0.98282  | 0.99082  | 0.99577  | 1.00000  | 0.99834  | 0.98604  | 0.91960  | 0.96285  |\n",
      "| R_13 | -0.13244 | 0.84064 | 0.88145  | 0.88958  | 0.89508  | 0.89093  | 0.89202  | 0.89393  | 0.89299  | 0.89328  | 0.89356  | 0.89372  | 0.89399  | 0.89401  | 0.89397  | 0.89401  | 0.65699  | 0.70063  | 0.79467  | 0.85631  | 0.89583  | 0.92160  | 0.94356  | 0.96060  | 0.97280  | 0.98280  | 0.99014  | 0.99834  | 1.00000  | 0.99000  | 0.92035  | 0.97211  |\n",
      "| R_14 | -0.12015 | 0.85031 | 0.89200  | 0.89851  | 0.90388  | 0.90130  | 0.90198  | 0.90357  | 0.90265  | 0.90264  | 0.90294  | 0.90303  | 0.90326  | 0.90334  | 0.90330  | 0.90333  | 0.63424  | 0.67576  | 0.77080  | 0.83379  | 0.87457  | 0.90148  | 0.92437  | 0.94241  | 0.95558  | 0.96674  | 0.97550  | 0.98604  | 0.99000  | 1.00000  | 0.91501  | 0.97062  |\n",
      "| R_15 | -0.05758 | 0.79628 | 0.82138  | 0.83270  | 0.83566  | 0.83176  | 0.83346  | 0.83409  | 0.83341  | 0.83373  | 0.83382  | 0.83390  | 0.83397  | 0.83388  | 0.83389  | 0.83387  | 0.59321  | 0.64110  | 0.73339  | 0.79247  | 0.83015  | 0.85380  | 0.87329  | 0.88845  | 0.89895  | 0.90708  | 0.91277  | 0.91960  | 0.92035  | 0.91501  | 1.00000  | 0.89077  |\n",
      "| R_16 | -0.11704 | 0.87974 | 0.92253  | 0.92704  | 0.93295  | 0.93102  | 0.93156  | 0.93362  | 0.93280  | 0.93226  | 0.93285  | 0.93283  | 0.93300  | 0.93300  | 0.93295  | 0.93298  | 0.59910  | 0.63259  | 0.72746  | 0.79182  | 0.83428  | 0.86271  | 0.88706  | 0.90682  | 0.92178  | 0.93558  | 0.94791  | 0.96285  | 0.97211  | 0.97062  | 0.89077  | 1.00000  |\n",
